Codon	AA	Cognate	Pseudo.cognate	Near.cognate	Rc	Rn	eN	eM
GCA	A	TGC		TGA,TGG,TGT,TAC,TTC,TCC	28.667136000000003	0.054520320000000004	1.095220765996206e-4	0.0018980224613082731
GCC	A	TGC		GGA,GGT,GTC,GCC	17.2002816	0.0248067456	1.826072211981184e-4	0.001439889027649285
GCG	A	TGC			18.346967040000003	0	1.714430855625944e-4	0
GCT	A	TGC			17.2002816	0	1.8287053447418815e-4	0
TGC	C	GCA		GAA,GGA,GTA,CCA,GCT,GCC	7.166784000000001	0.0373464192	4.3650330818714484e-4	0.005181765902652227
TGT	C	GCA		CCA,ACG	4.586741760000001	0.0128122752	6.835118465119131e-4	0.002783643318490398
GAC	D	GTC		GTA,GTG,GTT,TTC,GCC	14.333568000000001	0.0419806464	2.187959392257951e-4	0.002919642389826444
GAT	D	GTC		TTC	9.173483520000001	0.012267072	3.423697250809153e-4	0.0013349885785720898
GAA	E	TTC		TTG,TTT,TAC,TGC,GTC,TCC	21.500352000000003	0.0580641408	1.4590779552317137e-4	0.0026929468477670158
GAG	E	TTC		CTT,GTC	13.760225280000002	0.0125396736	2.2836965269275853e-4	9.10260936081549e-4
TTC	F	GAA		TAA,CAA,GGA,GTA,GCA,GAT	14.333568000000001	0.037073817599999996	2.1887063033919818e-4	0.002579265679336446
TTT	F	GAA		TAA,CAA,AAG	9.173483520000001	0.0166286976	3.42207292075964e-4	0.0018087926180693204
GGA	G	TCC	GCC	TCT,TAC,TGC,TTC	7.174962048	0.046069670400000005	4.354820884302347e-4	0.006377150756225228
GGC	G	GCC,TCC		GCA,GCT,GTC	18.633638400000002	0.017173900800000003	1.6865053246447318e-4	9.206571883064343e-4
GGG	G	TCC	GCC	CCA,CCG,CCT	4.594919808000001	0.0125396736	6.823398819428496e-4	0.002719745519334351
GGT	G	GCC,TCC		ACG	13.473553920000002	0.008178048	2.332983663230433e-4	6.06460660556717e-4
CAC	H	GTG		GTA,TTG,GTT,GTC	7.166784000000001	0.0332573952	4.3675109745116517e-4	0.004617038732348097
CAT	H	GTG		AAG,TTG,ACG	4.586741760000001	0.0209903232	6.822995410489449e-4	0.004552348342602995
ATA	I		GAT	TAA,TAG,CAT,TGT,TTT,TCT,TAC	0.008178048	0.06787779840000001	0.03972129619442811	0.8570229292028222
ATC	I	GAT		GAA,CAT,GGT,GTT,GCT	14.333568000000001	0.0411628416	2.1880838420437507e-4	0.0028629290717598964
ATT	I	GAT		AAG,CAT	9.173483520000001	0.02044512	3.4206528957777383e-4	0.002223002508980399
AAA	K	TTT	CTT	TTG,TGT,GTT,TCT,TTC	14.337929625600003	0.0419806464	2.187295899081218e-4	0.0029187570156229722
AAG	K	TTT,CTT		CAT,GTT,CCT	16.34026752	0.028895769600000003	1.9215371175515224e-4	0.001764917159142305
CTA	L	AAG,TAG	TAA	CAG,TGG,TTG,TAC	18.6423616512	0.0335299968	1.6842409439315242e-4	0.0017950601862826761
CTC	L	AAG,TAG		GAA,CAG,GTG,GAT	13.186882560000003	0.0250793472	2.380608635277175e-4	0.0018977784650805608
CTT	L	AAG,TAG		CAG,ACG	15.766924800000002	0.012267072	1.993367538773472e-4	7.772658334582636e-4
TTA	L	TAA	TAG	GAA,CAA,TGA,TAC	14.3422912512	0.0335299968	2.1879179121418358e-4	0.0023318779590838666
ATG	M	CAT	CAA,CAG	GAT,CTT,CCT	28.675314048000004	0.016356096	1.0963652752512298e-4	5.700017702821215e-4
CTG	M	CAG	CAA,CAT	AAG,TAG,CCG	7.187501721600001	0.0169012992	4.364867988994697e-4	0.0023449440511920435
TTG	M	CAA	CAG,CAT	GAA,TAA,CCA	7.187501721600001	0.0209903232	4.3623930935752435e-4	0.002910617958028996
AAC	N	GTT		GTA,GTG,GAT,GGT,TTT,CTT,GCT,GTC	14.333568000000001	0.049886092800000004	2.186757107104454e-4	0.003467538715069051
AAT	N	GTT		TTT,CTT	9.173483520000001	0.012267072	3.423697250809153e-4	0.0013349885785720898
CCA	P	TGG		TGA,TAG,TTG,TGT,TGC	14.333568000000001	0.0501586944	2.1867156725620854e-4	0.0034864209523118917
CCC	P	TGG		GGA,GTG,GGT	8.6001408	0.0125396736	3.6514198720688593e-4	0.001455423184116251
CCG	P	TGG		CAG,CCG	9.173483520000001	0.0084506496	3.4251198050642647e-4	9.200409189643486e-4
CCT	P	TGG		AAG,ACG	8.6001408	0.0125396736	3.6514198720688593e-4	0.001455423184116251
CAA	Q	TTG		TAG,TGG,GTG,TTT,TTC	14.333568000000001	0.04089024000000001	2.1881253284518004e-4	0.0028440231986800054
CAG	Q	TTG		CAG,GTG,CCG,CTT	9.173483520000001	0.0166286976	3.42207292075964e-4	0.0018087926180693204
AGA	R	TCT	CCT	TGT,TTT,GCT,TCC	7.1711456256	0.025351948800000003	4.369660758188546e-4	0.0035212783157967326
AGG	R	TCT,CCT	CCG	CCA,CAT,CTT,GCT	11.757614784000001	0.0288957696	2.668440752024588e-4	0.0024509424399794416
CGA	R	ACG	CCG,TCT	TAG,TGG,TTG,TCC	8.6085914496	0.0291683712	3.64082199857692e-4	0.003375614988163302
CGC	R	ACG	CCG	GCA,GTG,GCT,GCC	9.177572544000002	0.0209903232	3.4189301633027e-4	0.0022811331572140004
CGG	R	ACG,CCG	CCT	CCA,CAG	15.771013824000002	0.0084506496	1.9933331087796906e-4	5.354405479458313e-4
CGT	R	ACG	CCG	AAG	14.337657024000002	0.004089024	2.1931151447309932e-4	2.8505087290427546e-4
AGC	S	GCT		GCA,GAT,GGT,GTT,TCT,CCT,GCC	7.166784000000001	0.0419806464	4.3622282003319076e-4	0.005821015880300133
AGT	S	GCT		ACG,TCT,CCT	4.586741760000001	0.016356096	6.829859856208185e-4	0.00355085325730093
TCA	S	TGA	GGA	TAA,TGG,TGT,TGC	14.337657024000002	0.0419806464	2.1873373556153237e-4	0.002918812335778702
TCC	S	GGA,TGA		GAA,GTA,GCA,GGT	15.766924800000002	0.0250793472	1.9917506137525953e-4	0.0015877878314721691
TCG	S	TGA	GGA	CAA,CCA	9.177572544000002	0.0084506496	3.4235956850061055e-4	9.196315164036419e-4
TCT	S	GGA,TGA			13.186882560000003	0	2.3851350932935353e-4	0
ACA	T	TGT	GGT	TGA,TGG,TTT,TCT,TGC	14.337657024000002	0.046069670400000005	2.1867156725620854e-4	0.00320220185293864
ACC	T	GGT,TGT		GGA,GAT,GTT,GCT	15.766924800000002	0.0250793472	1.9917506137525953e-4	0.0015877878314721691
ACG	T	TGT	GGT	CAT,CTT,CCT	9.177572544000002	0.0256245504	3.4172091651826845e-4	0.002783358184379073
ACT	T	GGT,TGT			13.186882560000003	0	2.3851350932935353e-4	0
GTA	V	TAC		TAA,TAG,TGC,TTC,TCC	21.500352000000003	0.0501586944	1.4596131155867313e-4	0.002327154742751009
GTC	V	TAC		GAA,GAT,GTC,GCC	12.900211200000001	0.0332573952	2.431857250479806e-4	0.0025707958566176825
GTG	V	TAC		CAA,CAG,CAT	13.760225280000002	0.0256245504	2.281529444707025e-4	0.0018583333199294083
GTT	V	TAC		AAG	12.900211200000001	0.004089024	2.4373527848989623e-4	3.167957417011664e-4
TGG	W	CCA		CAA,GCA,CCG,CCT	7.166784000000001	0.0166286976	4.3776167876436156e-4	0.0023138609590085536
TAC	Y	GTA		GAA,GGA,GCA,GTG,GTT,GTC	14.333568000000001	0.0373464192	2.1886647949508848e-4	0.0025981815931505974
TAT	Y	GTA			9.173483520000001	0	3.4282739573864804e-4	0
