>groupList:
A C D E F G H I K L
N P Q R S T V Y Z 
>stdDevSynthesisRate:
0.279685 
>numParam:
40
>numMixtures:
1
>std_stdDevSynthesisRate:
0.0701963
>std_phi:
***
0.294657 0.567014 0.665105 0.748153 0.478818 0.809202 0.598522 0.719378 0.393553 0.683335
0.854169 0.607482 0.748153 0.691709 0.525642 0.598522 0.683335 0.511619 0.553367 0.575502
0.591276 0.778079 0.864637 0.553367 0.854169 0.631782 0.789727 0.768659 0.888335 0.575502
0.546668 0.614927 0.591276 0.730147 0.532084 0.302733 0.575502 0.532084 0.809202 0.359457
0.710668 0.473021 0.719378 0.460402 0.478818 0.665105 0.748153 0.665105 0.378417 0.710668
0.831381 0.778079 0.323472 0.739095 0.614927 0.409295 0.710668 0.759353 0.864637 0.473021
0.700186 0.454828 0.473021 0.420514 0.799405 0.899222 0.710668 0.691709 0.799405 0.598522
0.591276 0.591276 0.639524 0.799405 0.478818 0.639524 0.491942 0.799405 0.393553 0.710668
0.532084 0.683335 0.454828 0.511619 0.683335 0.454828 0.665105 0.553367 0.40434 0.778079
0.511619 0.437334 0.759353 0.739095 0.778079 0.768659 0.473021 0.359457 0.719378 0.373835
0.598522 0.473021 0.40434 0.683335 0.442694 0.748153 0.378417 0.561652 0.553367 0.757322
0.532084 0.398376 0.614927 0.553367 0.665105 0.388789 0.591276 0.546668 0.467294 0.449321
0.821316 0.473021 0.657053 0.710668 0.960824 0.683335 0.575502 0.473021 0.575502 0.491942
0.491942 0.497971 0.485986 0.378417 0.519278 0.768659 0.442694 0.789727 0.598522 0.683335
0.568535 0.710668 0.647362 0.899222 0.532084 0.279894 1.0115 1.03923 0.568535 0.739095
0.340534 0.454828 0.511619 0.378417 0.739095 0.398376 0.614927 0.923869 0.425667 0.460402
0.454828 0.999257 0.420514 0.532084 0.420514 0.473021 0.639524 0.363862 0.279894 0.532084
0.831381 0.598522 0.363862 0.591276 0.799405 0.473021 0.700186 0.639524 0.728194 0.294657
0.683335 0.561652 0.473021 0.491942 0.532084 0.442694 1.14085 0.778079 0.710668 0.768659
0.323472 0.591276 0.448119 0.393553 0.511619 0.437334 0.546668 0.40434 0.631782 0.473021
0.420514 0.799405 0.691709 1.09698 0.349867 0.340534 0.768659 0.614927 0.582555 0.420514
0.875233 0.683335 0.809202 0.799405 0.368321 0.683335 0.546668 0.683335 0.467294 0.710668
0.854169 0.899222 0.614927 1.03923 0.710668 0.614927 0.430884 0.960824 0.84157 0.568535
0.768659 0.327436 0.409295 0.719378 0.363862 0.553367 0.799405 0.525642 0.789727 0.607482
0.505425 0.598522 0.739095 0.683335 0.591276 0.899222 0.437334 0.639524 0.657053 0.657053
0.467294 0.460402 0.591276 0.467294 0.888335 0.399445 1.0115 0.460402 0.368321 1.06771
0.809202 0.631782 0.639524 0.831381 0.393553 0.467294 0.460402 0.511619 0.525642 0.935191
1.03923 0.854169 0.739095 0.485986 0.311031 0.575502 0.349867 0.568535 0.473021 0.248825
0.899222 1.0808 1.11042 0.778079 0.691709 0.460402 0.665105 0.591276 0.460402 0.491942
0.854169 0.673256 0.349867 0.511619 0.349867 0.525642 0.768659 0.854169 0.683335 0.591276
0.768659 0.739095 0.287566 0.311031 0.327436 0.683335 0.311031 0.388789 0.454828 0.511619
0.511619 0.546668 0.425667 0.799405 0.84157 0.575502 0.340534 0.546668 0.425667 0.614927
0.332338 0.425667 0.910242 0.420514 0.568535 0.517889 0.614927 0.215303 0.739095 0.553367
0.40434 0.491942 0.420514 0.575502 0.657053 0.425667 0.799405 0.821316 0.598522 0.972599
0.614927 0.821316 0.899222 0.691709 0.473021 0.710668 0.639524 0.248825 0.639524 0.789727
0.368321 0.302733 0.393553 0.454828 0.415423 0.710668 0.378417 0.336411 0.420514 0.591276
0.553367 0.683335 0.532084 0.821316 0.614927 0.363862 0.657053 0.478818 0.999257 0.787614
0.923869 0.363862 0.546668 0.354155 0.409295 0.960824 0.923869 0.591276 1.02665 0.657053
0.748153 1.20103 0.683335 0.491942 0.568535 0.525642 0.511619 1.21575 0.778079 0.591276
0.491942 0.505425 0.614927 0.675062 0.809202 0.768659 0.553367 0.478818 0.449321 0.935191
0.485986 0.532084 0.473021 0.491942 0.821316 0.568535 0.683335 0.960824 0.478818 0.759353
0.799405 0.665105 0.768659 0.639524 0.657053 0.575502 0.575502 0.864637 0.532084 0.491942
0.639524 0.287566 0.584118 0.29109 0.960824 0.442694 0.420514 0.437334 0.647362 0.40434
0.553367 0.821316 0.691709 0.748153 0.748153 0.768659 0.553367 0.560149 0.673256 0.665105
0.591276 0.478818 0.363862 0.279894 0.215303 0.327436 0.768659 0.809202 0.673256 0.888335
0.748153 1.33464 1.24907 0.591276 0.388789 0.591276 0.935191 0.525642 0.349867 0.532084
0.442694 0.730147 0.511619 0.473021 0.454828 0.420514 0.591276 0.409295 0.639524 0.700186
0.511619 0.591276 0.388789 0.748153 0.683335 0.491942 0.710668 0.719378 0.491942 0.614927
0.349867 0.639524 0.553367 0.511619 0.442694 0.591276 1.03923 0.864637 0.449321 0.473021
0.84157 0.575502 0.614927 0.691709 0.854169 0.622463 0.710668 0.584118 0.591276 0.485986
0.420514 0.639524 0.532084 0.614927 0.568535 0.768659 0.473021 0.491942 0.532084 0.730147
0.242187 0.546668 0.799405 0.614927 0.454828 0.854169 0.491942 0.532084 0.683335 0.584118
0.639524 0.393553 0.327436 0.935191 0.393553 0.739095 0.864637 0.639524 0.631782 0.473021
0.409295 0.425667 0.568535 0.799405 0.799405 0.511619 0.691709 0.999257 0.568535 0.505425
0.491942 0.614927 0.665105 0.491942 0.831381 0.778079 0.420514 0.525642 0.568535 0.393553
0.584118 0.43204 0.511619 0.691709 0.710668 0.43204 0.491942 0.409295 0.485986 0.532084
0.683335 0.546668 0.491942 0.561652 0.491942 0.575502 0.491942 0.473021 0.639524 0.854169
0.799405 0.730147 0.442694 0.748153 0.831381 1.0808 0.420514 0.591276 0.748153 0.449321
0.388789 0.29109 0.336411 0.420514 0.561652 0.584118 0.568535 0.546668 0.639524 0.665105
0.409295 0.614927 0.388789 0.691709 0.505425 0.409295 0.383054 0.739095 0.442694 0.532084
0.665105 0.491942 0.409295 0.393553 0.614927 0.719378 0.491942 0.40434 0.591276 0.799405
0.607482 0.212696 0.420514 0.525642 0.491942 0.363862 0.454828 0.691709 0.454828 0.748153
0.388789 0.598522 0.665105 0.598522 0.768659 0.525642 0.831381 0.899222 0.553367 0.789727
0.972599 0.999257 0.614927 1.12403 0.467294 0.631782 0.683335 0.719378 0.409295 0.84157
0.864637 0.854169 0.691709 0.639524 0.831381 0.409295 0.591276 0.553367 0.657053 0.598522
0.614927 0.511619 0.710668 0.614927 0.568535 0.899222 0.665105 0.511619 0.497971 0.768659
0.768659 0.614927 0.683335 0.614927 0.683335 0.665105 0.768659 0.960824 0.568535 0.622463
0.739095 0.657053 0.546668 0.467294 0.622463 0.622463 0.29109 0.739095 0.665105 0.864637
0.393553 0.591276 0.598522 0.454828 0.622463 0.923869 0.875233 0.639524 1.03923 0.739095
0.831381 0.639524 0.923869 0.553367 0.485986 0.691709 0.568535 0.888335 0.454828 0.546668
0.719378 0.768659 0.639524 0.691709 0.497971 0.888335 0.409295 0.442694 0.553367 0.854169
0.935191 0.553367 0.302733 0.584118 0.473021 0.778079 0.710668 0.691709 0.591276 0.809202
0.875233 0.591276 0.683335 1.0808 0.748153 0.568535 0.454828 0.420514 0.923869 0.935191
0.691709 0.691709 0.409295 0.614927 0.505425 0.532084 1.06771 0.639524 0.505425 0.383054
0.665105 0.854169 0.54005 0.683335 0.546668 0.607482 0.525642 0.683335 0.525642 0.553367
0.491942 0.511619 0.568535 0.960824 0.546668 0.491942 0.568535 0.864637 0.511619 0.657053
0.639524 0.261949 0.657053 0.491942 0.614927 0.639524 0.568535 0.582555 0.505425 0.525642
0.831381 0.561652 0.778079 0.691709 0.525642 0.454828 0.425667 0.40434 0.598522 0.491942
0.759353 0.425667 0.799405 0.683335 1.0808 0.799405 0.739095 0.553367 0.525642 0.809202
0.719378 0.759353 0.657053 0.242187 0.598522 0.899222 0.799405 0.665105 0.748153 0.511619
0.388789 0.460402 0.598522 0.702064 0.710668 0.40434 0.568535 0.553367 0.485986 0.491942
0.622463 0.84157 0.614927 0.831381 0.739095 0.302733 0.831381 0.561652 0.657053 0.719378
0.388789 0.532084 0.923869 0.454828 0.683335 0.409295 0.831381 0.789727 0.888335 0.710668
0.999257 0.984518 0.614927 0.575502 0.719378 0.780166 0.639524 0.923869 0.442694 0.768659
0.491942 0.568535 0.519278 0.639524 0.331449 0.575502 0.710668 0.591276 0.425667 1.29903
0.437334 0.454828 0.478818 0.525642 0.972599 0.864637 0.591276 0.460402 0.525642 0.778079
0.768659 0.639524 0.639524 0.568535 0.935191 0.378417 0.799405 0.710668 0.437334 0.525642
0.420514 0.279894 0.575502 0.517889 0.425667 0.768659 0.560149 0.768659 0.888335 0.553367
0.393553 0.409295 0.554852 0.532084 0.702064 0.739095 0.657053 0.639524 0.821316 0.546668
0.491942 0.923869 0.437334 0.517889 0.568535 0.631782 0.491942 0.393553 0.789727 0.568535
0.363862 0.511619 0.388789 0.505425 0.553367 0.568535 0.719378 0.553367 0.607482 0.568535
0.294657 0.454828 0.430884 0.739095 0.525642 0.485986 0.473021 0.532084 0.398376 0.409295
0.420514 0.799405 0.702064 0.393553 0.768659 0.622463 0.691709 0.473021 0.691709 0.511619
0.420514 0.622463 0.657053 0.384082 0.614927 0.546668 0.248825 0.665105 0.759353 0.665105
0.378417 0.691709 0.505425 0.759353 0.532084 0.665105 0.497971 0.899222 0.799405 0.591276
0.420514 0.665105 0.388789 0.710668 0.673256 1.03923 0.591276 0.748153 0.532084 0.809202
0.768659 0.864637 0.639524 1.0808 0.409295 0.511619 0.454828 0.363862 0.378417 0.345632
0.473021 0.437334 0.778079 0.598522 0.473021 0.598522 0.467294 0.935191 0.505425 0.768659
0.505425 0.584118 0.485986 0.768659 0.759353 0.923869 0.349867 0.363862 0.702064 0.739095
0.899222 0.899222 0.821316 0.460402 0.665105 0.553367 0.631782 0.575502 0.525642 0.691709
0.700186 0.719378 0.491942 0.657053 0.442694 0.525642 0.314843 0.425667 0.473021 0.864637
0.491942 0.473021 0.420514 0.553367 0.768659 0.473021 1.03923 0.799405 0.420514 0.631782
0.935191 0.657053 0.307265 0.768659 0.591276 0.748153 0.425667 0.473021 0.831381 0.864637
0.923869 0.739095 0.491942 0.710668 0.960824 0.710668 0.349867 0.525642 0.538605 0.665105
0.505425 0.614927 0.363862 0.505425 0.511619 0.778079 0.607482 0.525642 0.691709 0.420514
0.519278 0.739095 0.614927 0.87758 0.505425 0.517889 0.888335 0.831381 0.935191 0.511619
1.05196 0.899222 0.748153 0.568535 0.575502 0.639524 0.511619 0.647362 0.546668 0.809202
0.899222 0.639524 0.409295 0.454828 0.622463 0.491942 0.505425 0.505425 0.854169 0.505425
0.843827 0.449321 0.923869 0.598522 0.473021 0.378417 0.473021 0.40434 0.388789 0.532084
0.972599 0.854169 0.497971 0.665105 0.511619 0.575502 0.778079 0.311031 0.614927 0.425667
0.719378 0.789727 0.524236 0.409295 0.598522 1.09698 0.283324 0.864637 0.691709 0.739095
0.591276 0.657053 0.665105 0.683335 0.311031 0.393553 0.923869 0.639524 0.710668 0.378417
0.748153 0.987159 0.473021 0.799405 0.560149 0.691709 0.359457 0.568535 0.388789 1.15484
0.910242 0.691709 0.730147 0.622463 0.691709 0.607482 0.710668 0.639524 0.511619 0.768659
0.675062 0.575502 0.821316 0.553367 0.378417 0.972599 0.831381 1.03923 0.999257 0.854169
0.768659 0.665105 0.553367 0.691709 0.505425 0.899222 0.525642 0.546668 0.665105 0.272427
0.665105 0.899222 0.683335 0.568535 0.478818 0.568535 0.888335 0.546668 0.960824 0.442694
1.0808 0.768659 0.454828 0.999257 0.614927 0.584118 0.511619 0.739095 0.739095 0.759353
0.739095 0.831381 0.923869 0.739095 0.710668 0.700186 0.598522 0.614927 0.591276 0.378417
0.575502 0.442694 0.683335 0.454828 0.691709 0.561652 0.657053 0.759353 0.473021 0.888335
0.497971 0.614927 0.710668 0.759353 1.18649 0.473021 0.546668 0.568535 0.719378 0.831381
0.935191 1.03923 0.473021 0.691709 0.473021 0.54005 0.437334 0.568535 0.631782 0.485986
0.538605 0.665105 0.854169 0.821316 0.546668 0.378417 0.789727 0.460402 0.730147 0.454828
0.598522 0.935191 0.683335 0.799405 0.491942 0.345632 0.899222 0.739095 0.553367 1.0808
0.614927 0.999257 0.710668 0.691709 0.748153 0.799405 0.899222 0.739095 0.831381 0.591276
1.11042 0.778079 0.748153 0.972599 0.768659 0.972599 0.923869 0.532084 0.759353 0.960824
1.02665 0.665105 0.511619 0.553367 0.960824 0.511619 0.691709 0.710668 0.987159 0.683335
0.768659 0.972599 0.647362 0.730147 1.15484 0.525642 0.799405 0.831381 0.665105 0.799405
1.06771 0.631782 0.864637 0.960824 0.614927 0.511619 0.349867 0.84157 0.532084 0.683335
0.561652 0.532084 0.591276 0.739095 0.864637 0.393553 0.730147 0.511619 0.454828 0.614927
0.799405 0.799405 0.923869 0.332338 0.624133 0.442694 0.393553 0.511619 0.383054 0.29109
0.854169 0.349867 0.657053 1.11042 0.283324 0.491942 0.631782 0.875233 0.454828 0.525642
0.665105 0.614927 0.683335 0.517889 0.631782 0.949191 0.491942 0.511619 0.665105 0.546668
0.584118 0.349867 0.525642 0.478818 0.700186 0.691709 0.349867 0.591276 0.759353 0.631782
0.598522 0.854169 0.591276 0.710668 0.639524 0.614927 0.591276 0.665105 0.323472 0.532084
0.497971 0.525642 0.349867 0.631782 0.575502 0.999257 0.485986 0.478818 0.327436 0.511619
0.831381 0.960824 0.821316 0.639524 0.639524 0.575502 0.239255 0.748153 0.302733 0.710668
0.553367 0.935191 0.622463 0.591276 0.702064 0.657053 0.437334 0.598522 0.639524 0.639524
0.349867 0.363862 0.314843 0.899222 0.888335 0.683335 0.647362 0.739095 0.525642 0.340534
0.748153 0.473021 0.748153 0.473021 0.999257 0.568535 0.575502 0.478818 0.425667 0.864637
0.759353 0.631782 0.789727 0.631782 0.748153 0.425667 0.768659 0.647362 0.768659 0.639524
0.378417 0.84157 0.505425 0.388789 0.923869 1.12403 0.473021 1.12403 0.314843 0.87758
0.363862 0.437334 0.799405 0.327436 0.323472 0.349867 0.768659 0.607482 0.323472 0.29109
0.442694 0.393553 1.33464 0.349867 0.683335 0.748153 0.639524 0.546668 0.622463 0.467294
0.363862 0.491942 0.454828 0.354155 0.388789 0.425667 0.546668 0.311031 0.591276 0.598522
0.473021 0.454828 0.683335 0.532084 0.302733 0.683335 0.935191 0.799405 0.748153 0.388789
0.639524 0.454828 0.442694 0.420514 0.449321 0.505425 0.568535 0.420514 0.409295 0.454828
0.454828 0.363862 0.511619 0.831381 0.349867 0.553367 0.442694 0.460402 0.614927 0.710668
0.311031 0.40434 0.591276 0.639524 0.442694 0.420514 0.546668 0.561652 0.568535 0.691709
0.739095 0.821316 0.710668 0.393553 0.383054 0.363862 0.437334 0.710668 0.336411 0.340534
0.647362 0.283324 0.393553 0.511619 0.614927 0.665105 0.614927 1.12403 0.700186 0.442694
0.437334 0.248825 0.591276 0.607482 0.831381 0.665105 0.799405 0.923869 0.888335 0.691709
0.454828 0.420514 0.719378 0.491942 0.854169 0.345632 0.657053 0.598522 0.575502 0.485986
0.683335 0.568535 0.425667 0.614927 0.499306 0.778079 0.923869 0.639524 0.683335 0.532084
0.768659 0.473021 0.538605 0.591276 0.491942 0.511619 0.409295 0.768659 0.442694 0.831381
0.960824 0.532084 0.730147 0.511619 0.519278 0.442694 0.485986 0.393553 0.525642 0.525642
0.639524 0.575502 0.546668 0.336411 0.525642 0.538605 0.665105 0.854169 0.575502 0.639524
0.491942 0.532084 0.683335 0.710668 0.591276 0.532084 0.437334 0.748153 0.739095 0.532084
0.899222 0.864637 0.546668 0.748153 0.809202 0.864637 1.12403 0.460402 1.12403 0.491942
0.768659 0.657053 0.393553 0.683335 0.485986 0.546668 0.425667 0.497971 0.323472 0.739095
0.821316 0.393553 0.420514 0.639524 0.821316 0.748153 0.84157 0.425667 0.363862 0.999257
0.960824 0.710668 0.789727 0.546668 0.683335 0.460402 0.591276 0.473021 0.19906 0.491942
0.546668 0.532084 0.864637 0.719378 0.449321 0.748153 0.614927 0.691709 0.473021 0.511619
0.598522 0.899222 0.314843 0.388789 0.799405 0.854169 0.614927 0.657053 0.972599 0.799405
0.639524 0.631782 0.553367 0.831381 0.622463 0.378417 0.525642 0.473021 0.532084 0.546668
0.553367 0.442694 0.710668 0.710668 0.568535 0.614927 0.485986 0.683335 0.584118 0.691709
0.809202 0.647362 0.631782 0.864637 0.409295 0.960824 0.719378 0.739095 0.553367 0.532084
0.393553 0.561652 0.575502 0.864637 0.525642 0.349867 0.40434 0.409295 0.831381 0.719378
0.454828 0.710668 0.614927 0.631782 0.864637 0.821316 0.778079 0.831381 0.561652 1.11042
0.831381 0.710668 0.888335 0.460402 0.378417 0.454828 0.854169 0.29109 0.864637 0.683335
0.875233 0.728194 1.03923 0.84157 1.0115 0.87758 0.702064 1.12403 1.03923 0.710668
0.591276 0.614927 0.768659 0.691709 0.43204 0.683335 0.710668 0.710668 0.999257 0.759353
0.768659 0.639524 0.710668 0.575502 0.831381 0.420514 0.739095 0.568535 0.683335 0.631782
0.864637 0.683335 0.710668 0.719378 0.568535 0.473021 0.683335 0.739095 0.485986 0.473021
0.491942 0.719378 
>categories:
0 0
>mixtureAssignment:
0 0 0 0 0 0 0 0 0 0 0 0 0 0 0 0 0 0 0 0 0 0 0 0 0 0 0 0 0 0 0 0 0 0 0 0 0 0 0 0 0 0 0 0 0 0 0 0 0 0
0 0 0 0 0 0 0 0 0 0 0 0 0 0 0 0 0 0 0 0 0 0 0 0 0 0 0 0 0 0 0 0 0 0 0 0 0 0 0 0 0 0 0 0 0 0 0 0 0 0
0 0 0 0 0 0 0 0 0 0 0 0 0 0 0 0 0 0 0 0 0 0 0 0 0 0 0 0 0 0 0 0 0 0 0 0 0 0 0 0 0 0 0 0 0 0 0 0 0 0
0 0 0 0 0 0 0 0 0 0 0 0 0 0 0 0 0 0 0 0 0 0 0 0 0 0 0 0 0 0 0 0 0 0 0 0 0 0 0 0 0 0 0 0 0 0 0 0 0 0
0 0 0 0 0 0 0 0 0 0 0 0 0 0 0 0 0 0 0 0 0 0 0 0 0 0 0 0 0 0 0 0 0 0 0 0 0 0 0 0 0 0 0 0 0 0 0 0 0 0
0 0 0 0 0 0 0 0 0 0 0 0 0 0 0 0 0 0 0 0 0 0 0 0 0 0 0 0 0 0 0 0 0 0 0 0 0 0 0 0 0 0 0 0 0 0 0 0 0 0
0 0 0 0 0 0 0 0 0 0 0 0 0 0 0 0 0 0 0 0 0 0 0 0 0 0 0 0 0 0 0 0 0 0 0 0 0 0 0 0 0 0 0 0 0 0 0 0 0 0
0 0 0 0 0 0 0 0 0 0 0 0 0 0 0 0 0 0 0 0 0 0 0 0 0 0 0 0 0 0 0 0 0 0 0 0 0 0 0 0 0 0 0 0 0 0 0 0 0 0
0 0 0 0 0 0 0 0 0 0 0 0 0 0 0 0 0 0 0 0 0 0 0 0 0 0 0 0 0 0 0 0 0 0 0 0 0 0 0 0 0 0 0 0 0 0 0 0 0 0
0 0 0 0 0 0 0 0 0 0 0 0 0 0 0 0 0 0 0 0 0 0 0 0 0 0 0 0 0 0 0 0 0 0 0 0 0 0 0 0 0 0 0 0 0 0 0 0 0 0
0 0 0 0 0 0 0 0 0 0 0 0 0 0 0 0 0 0 0 0 0 0 0 0 0 0 0 0 0 0 0 0 0 0 0 0 0 0 0 0 0 0 0 0 0 0 0 0 0 0
0 0 0 0 0 0 0 0 0 0 0 0 0 0 0 0 0 0 0 0 0 0 0 0 0 0 0 0 0 0 0 0 0 0 0 0 0 0 0 0 0 0 0 0 0 0 0 0 0 0
0 0 0 0 0 0 0 0 0 0 0 0 0 0 0 0 0 0 0 0 0 0 0 0 0 0 0 0 0 0 0 0 0 0 0 0 0 0 0 0 0 0 0 0 0 0 0 0 0 0
0 0 0 0 0 0 0 0 0 0 0 0 0 0 0 0 0 0 0 0 0 0 0 0 0 0 0 0 0 0 0 0 0 0 0 0 0 0 0 0 0 0 0 0 0 0 0 0 0 0
0 0 0 0 0 0 0 0 0 0 0 0 0 0 0 0 0 0 0 0 0 0 0 0 0 0 0 0 0 0 0 0 0 0 0 0 0 0 0 0 0 0 0 0 0 0 0 0 0 0
0 0 0 0 0 0 0 0 0 0 0 0 0 0 0 0 0 0 0 0 0 0 0 0 0 0 0 0 0 0 0 0 0 0 0 0 0 0 0 0 0 0 0 0 0 0 0 0 0 0
0 0 0 0 0 0 0 0 0 0 0 0 0 0 0 0 0 0 0 0 0 0 0 0 0 0 0 0 0 0 0 0 0 0 0 0 0 0 0 0 0 0 0 0 0 0 0 0 0 0
0 0 0 0 0 0 0 0 0 0 0 0 0 0 0 0 0 0 0 0 0 0 0 0 0 0 0 0 0 0 0 0 0 0 0 0 0 0 0 0 0 0 0 0 0 0 0 0 0 0
0 0 0 0 0 0 0 0 0 0 0 0 0 0 0 0 0 0 0 0 0 0 0 0 0 0 0 0 0 0 0 0 0 0 0 0 0 0 0 0 0 0 0 0 0 0 0 0 0 0
0 0 0 0 0 0 0 0 0 0 0 0 0 0 0 0 0 0 0 0 0 0 0 0 0 0 0 0 0 0 0 0 0 0 0 0 0 0 0 0 0 0 0 0 0 0 0 0 0 0
0 0 0 0 0 0 0 0 0 0 0 0 0 0 0 0 0 0 0 0 0 0 0 0 0 0 0 0 0 0 0 0 0 0 0 0 0 0 0 0 0 0 0 0 0 0 0 0 0 0
0 0 0 0 0 0 0 0 0 0 0 0 0 0 0 0 0 0 0 0 0 0 0 0 0 0 0 0 0 0 0 0 0 0 0 0 0 0 0 0 0 0 0 0 0 0 0 0 0 0
0 0 0 0 0 0 0 0 0 0 0 0 0 0 0 0 0 0 0 0 0 0 0 0 0 0 0 0 0 0 0 0 0 0 0 0 0 0 0 0 0 0 0 0 0 0 0 0 0 0
0 0 0 0 0 0 0 0 0 0 0 0 0 0 0 0 0 0 0 0 0 0 0 0 0 0 0 0 0 0 0 0 0 0 0 0 0 0 0 0 0 0 0 0 0 0 0 0 0 0
0 0 0 0 0 0 0 0 0 0 0 0 0 0 0 0 0 0 0 0 0 0 0 0 0 0 0 0 0 0 0 0 0 0 0 0 0 0 0 0 0 0 0 0 0 0 0 0 0 0
0 0 0 0 0 0 0 0 0 0 0 0 0 0 0 0 0 0 0 0 0 0 0 0 0 0 0 0 0 0 0 0 0 0 0 0 0 0 0 0 0 0 0 0 0 0 0 0 0 0
0 0 0 0 0 0 0 0 0 0 0 0 0 0 0 0 0 0 0 0 0 0 0 0 0 0 0 0 0 0 0 0 0 0 0 0 0 0 0 0 0 0 0 0 0 0 0 0 0 0
0 0 0 0 0 0 0 0 0 0 0 0 0 0 0 0 0 0 0 0 0 0 0 0 0 0 0 0 0 0 0 0 0 0 0 0 0 0 0 0 0 0 0 0 0 0 0 0 0 0
0 0 0 0 0 0 0 0 0 0 0 0 0 0 0 0 0 0 0 0 0 0 0 0 0 0 0 0 0 0 0 0 0 0 0 0 0 0 0 0 0 0 0 0 0 0 0 0 0 0
0 0 0 0 0 0 0 0 0 0 0 0 0 0 0 0 0 0 0 0 0 0 0 0 0 0 0 0 0 0 0 0 0 0 0 0 0 0 0 0 0 0 0 0 0 0 0 0 0 0
0 0 0 0 0 0 0 0 0 0 0 0 0 0 0 0 0 0 0 0 0 0 0 0 0 0 0 0 0 0 0 0 0 0 0 0 0 0 0 0 0 0 0 0 0 0 0 0 0 0
0 0 0 0 0 0 0 0 0 0 0 0 0 0 0 0 0 0 0 0 0 0 0 0 0 0 0 0 0 0 0 0 0 0 0 0 0 0 0 0 0 0 0 0 0 0 0 0 0 0
0 0 0 0 0 0 0 0 0 0 0 0 0 0 0 0 0 0 0 0 0 0 0 0 0 0 0 0 0 0 0 0 0 0 0 0 0 0 0 0 0 0 0 0 0 0 0 0 0 0
0 0 0 0 0 0 0 0 0 0 0 0 0 0 0 0 0 0 0 0 0 0 0 0 0 0 0 0 0 0 0 0 0 0 0 0 0 0 0 0 0 0 0 0 0 0 0 0 0 0
0 0 0 0 0 0 0 0 0 0 0 0 0 0 0 0 0 0 0 0 0 0 0 0 0 0 0 0 0 0 0 0 0 0 0 0 0 0 0 0 0 0 
>numMutationCategories:
1
>numSelectionCategories:
1
>categoryProbabilities:
1 
>selectionIsInMixture:
***
0 
>mutationIsInMixture:
***
0 
>obsPhiSets:
0
>currentSynthesisRateLevel:
***
0.918996 0.768605 0.874558 0.724928 0.827709 0.669994 1.00501 0.748831 0.949376 0.737073
0.670051 0.675302 0.886928 1.19442 1.11158 0.814926 0.86816 0.959686 0.700021 0.665003
1.05667 1.00244 0.80746 0.949388 0.67479 0.607524 0.913484 0.70795 0.773823 0.826883
0.874189 0.998616 0.60633 0.710807 0.722181 1.16516 0.810513 0.90033 0.920013 0.986852
0.818678 0.689209 1.02569 0.953418 1.27439 0.776184 0.880143 0.829005 1.40859 0.720713
0.748209 0.988924 1.29061 0.590887 1.04139 1.22643 0.494235 1.09279 1.0861 1.02664
0.832694 1.06464 1.48103 0.955571 1.48286 0.462027 0.697724 0.902939 0.810743 0.839697
0.60235 0.51331 0.822054 1.0171 0.998541 0.554866 1.00382 0.809926 1.30296 0.793459
0.973115 0.725533 0.799747 0.955804 0.710295 0.527565 1.06218 0.569658 0.925282 0.75598
0.835513 0.727281 0.730751 0.601665 0.520102 0.661831 0.847546 1.67253 1.0967 1.15713
1.03589 0.863919 1.13575 0.756668 1.14023 0.785098 1.21483 1.11246 0.896564 0.966002
0.855596 1.15634 0.788127 0.892056 1.08544 0.894871 0.817799 1.21748 1.0883 1.2302
1.03541 2.06837 0.979887 0.840315 0.77805 0.97675 1.01482 0.797347 0.995358 1.39801
1.64444 1.08725 0.895352 1.5111 1.6317 1.38851 1.34608 0.635743 0.708296 0.743662
1.24829 0.773166 0.901842 0.521036 1.00139 1.50559 1.01718 0.956245 0.970228 0.900745
1.16524 1.60497 1.00707 1.30938 0.94378 1.2101 1.07691 1.20835 1.46949 0.882313
0.869383 0.984229 1.26004 0.570365 1.63417 1.23166 0.975996 1.59568 1.13864 0.729138
1.00235 1.16934 1.27283 0.937633 0.722231 1.20418 0.866049 0.832362 0.843069 1.12912
0.705894 1.27678 0.928561 0.706354 0.787707 1.01327 0.80241 0.831428 0.65332 0.859826
0.807205 0.684049 0.932006 1.36307 1.03282 0.934404 1.06394 1.347 1.00327 1.3199
1.36895 1.39369 0.789519 0.61595 1.15505 0.885959 0.818374 0.925418 0.993417 0.942802
1.00432 0.96444 0.861254 0.518081 0.907278 0.977066 1.00999 0.9634 0.907365 0.486896
1.65825 1.02394 0.872455 1.04783 0.83394 0.895119 0.972948 1.08864 0.761389 0.769014
0.80444 1.26098 1.50372 1.0966 1.33877 1.19131 1.09207 1.17837 0.808938 1.21864
1.10668 1.00337 0.935111 1.16125 0.819708 1.09406 0.754077 0.819074 0.910108 1.31763
1.25086 1.37879 1.38696 1.59902 0.969628 1.27426 1.73032 1.06487 1.78994 1.40152
1.35924 1.80081 1.12561 1.11452 2.08785 1.51072 1.37401 1.50199 1.06773 0.625983
0.810886 1.30242 0.753807 1.31456 1.26299 0.726331 0.912388 0.916311 1.45351 1.54277
1.7198 1.0638 1.04112 1.03469 1.00184 0.987339 0.722203 0.568381 0.87795 1.2619
0.896548 0.996545 0.999642 0.877837 1.3523 0.905841 1.36552 1.49371 1.20795 2.25678
1.56003 1.27641 1.89254 1.44298 1.32707 1.28427 1.72647 1.53109 1.72293 1.55768
1.54923 1.19452 1.12139 0.634937 0.934665 1.22081 1.40046 1.07994 1.72845 1.18807
1.84841 1.14372 1.21658 1.62437 0.883547 0.999476 1.18388 1.36212 0.797617 1.08669
0.841649 1.16465 1.47275 0.961507 1.2023 1.27469 0.950196 0.658195 0.885322 0.594746
0.846945 0.682665 0.827281 1.01458 1.23303 0.746268 1.02811 1.57412 1.41759 1.22574
1.41882 1.71725 1.3557 1.33031 1.5508 1.12553 1.47007 1.14583 1.53094 0.90622
1.44137 1.0691 0.675756 0.864963 1.0066 1.35466 1.09713 0.82707 0.718536 0.624595
0.641903 1.55304 1.46056 1.59182 1.45431 1.39805 0.904913 0.486445 0.915518 0.82873
0.933297 0.838234 0.935892 1.32189 1.67164 1.06525 1.17834 1.61221 0.576874 0.628234
1.43452 1.26808 1.26849 0.663301 1.04993 0.631744 1.16902 0.828678 1.31178 1.20771
0.999209 1.16127 0.976424 1.066 0.904468 1.14939 0.954967 0.971995 1.10864 0.807827
0.61065 0.689448 0.611451 1.24198 1.05873 0.96345 1.21729 1.26329 0.815829 1.2675
0.946714 1.35722 1.0363 1.15525 0.816454 1.36416 1.68566 0.772346 0.862163 1.42481
2.14259 1.03439 0.86922 0.724362 0.888333 1.16279 0.526104 1.45693 0.517924 0.897031
0.666385 0.943734 0.915931 1.669 1.33857 1.06909 1.42103 0.717545 0.613709 0.822474
0.690756 0.781275 1.35179 0.79636 1.1449 1.14089 0.857188 1.2523 1.08239 1.17904
0.850428 0.97128 0.871352 0.743928 0.773047 0.685661 0.586194 0.97951 0.790678 0.650716
0.90016 0.884009 0.82704 0.554609 0.73486 0.638248 0.682647 0.680462 0.942653 0.751034
1.14154 0.803964 0.905829 0.942255 1.26542 0.894434 0.593573 0.619997 0.992428 0.922473
0.579109 1.00033 1.05665 1.01586 0.611057 0.704053 0.801466 1.0599 0.864819 1.32895
1.32831 1.49629 1.12154 1.19232 0.878385 0.725822 0.793076 0.845367 0.701202 0.984098
1.39345 0.800426 1.16644 0.747848 1.2025 1.50035 1.28381 1.07079 1.04125 1.21201
1.48978 1.41038 0.882648 0.854704 1.0519 0.963377 0.52583 1.04882 1.18766 1.29649
1.12863 0.827248 1.40039 0.528794 0.935388 1.27988 0.981131 0.585127 1.11819 1.04208
1.06098 0.797553 0.826755 0.950617 0.724238 1.14209 1.22649 1.14603 1.57188 1.1715
0.998805 1.39544 0.951454 0.911193 0.875643 1.27144 1.3237 0.934582 1.76142 1.13859
1.38237 0.900582 0.859911 0.810346 0.815538 1.0518 0.753312 0.956939 0.760167 0.686678
0.885715 0.810176 0.966424 0.642345 1.04524 1.61889 1.51752 0.86136 0.784278 0.89243
1.02358 1.17414 1.60249 1.06932 0.544476 1.14217 1.16816 0.989384 1.53729 1.18687
1.3767 1.27488 1.24635 0.774192 1.2335 0.982662 0.750931 0.711771 0.804407 0.867276
0.896252 1.14971 1.00147 0.924799 0.720883 0.764234 1.04107 1.09514 0.737298 0.975683
1.08032 1.4555 0.716679 0.706368 1.23341 1.04346 0.784833 1.40524 0.673557 0.798442
0.784635 1.04306 0.915196 0.800067 0.606974 0.870835 0.815965 0.972045 0.782984 0.65026
1.58885 0.601627 0.741463 1.27491 1.19371 1.1867 0.894372 0.863206 1.21486 0.802011
0.865864 0.614449 0.864689 0.85738 0.583582 0.85278 0.989928 0.883042 0.829853 0.798746
0.729832 1.18959 0.914629 0.870784 0.943061 1.14327 0.888992 0.936655 0.982658 1.0298
0.88654 0.729785 1.20863 0.822211 0.950607 0.88015 0.837818 1.14964 0.913362 0.862122
1.06491 0.499846 0.958457 1.02615 0.900198 0.998872 1.36937 0.968143 0.947857 0.694593
1.17106 0.89731 0.94686 1.18624 0.892722 1.04964 0.7656 1.17381 1.03122 0.736201
0.595864 0.615991 0.824119 0.67565 1.15454 1.53021 1.24945 0.809286 1.11216 0.915491
0.992306 1.04265 0.549065 0.895139 1.13494 1.17988 1.00602 0.66438 0.971833 0.720409
1.07248 0.736576 1.24667 1.28718 0.797827 1.05035 0.606088 0.649023 0.665804 0.966764
0.979928 1.11773 0.715718 0.632546 0.777013 0.978324 0.808731 1.10311 0.750119 0.661422
1.20018 0.834781 0.740296 0.88077 0.89515 0.831322 0.695703 0.694212 1.23063 0.949991
1.1518 0.788078 0.867025 1.14184 0.921394 0.832885 0.731831 0.952062 1.17042 0.874637
0.718057 0.961489 0.899403 0.915254 0.955815 1.03331 0.831294 1.06832 0.958673 0.921846
0.983173 1.28191 0.74813 0.994166 1.12885 0.967106 0.685413 1.06222 1.09174 0.9296
0.764531 0.853094 0.918714 0.651295 0.926933 0.987938 0.908659 1.27455 0.689905 0.887612
0.626706 1.03068 0.48536 0.552949 0.887798 0.519 0.660508 0.593031 0.682329 0.915311
0.823294 1.09822 0.787827 1.10532 0.88794 0.617664 1.00991 0.911978 0.75015 1.0405
1.38092 1.26194 1.01752 0.968207 0.740884 0.845861 0.758372 0.811616 0.868627 0.864565
1.29806 0.730644 0.928237 0.643382 0.804954 1.67191 0.555626 1.15911 0.663331 0.720753
1.41861 0.72512 0.487234 0.548806 0.888391 0.842447 0.834541 0.800442 0.577887 0.618868
1.06043 0.690986 0.584922 0.61564 0.900171 0.755685 1.17664 0.912493 0.837644 0.837538
1.05486 1.22077 0.585228 0.718262 1.2787 0.725255 1.07422 0.660305 1.08804 0.851753
1.04084 1.2051 1.03613 0.842159 1.19925 1.08835 1.43503 1.17833 1.08597 1.26169
1.15407 1.1104 1.26743 1.41883 1.39352 1.50421 1.6286 0.69473 1.07816 0.976325
0.855334 1.24513 0.871248 1.23959 1.10533 1.11959 0.876054 0.836327 1.05866 0.800374
0.957748 0.835239 1.07249 0.9007 0.908669 0.775459 0.779079 0.834099 0.771305 1.03624
1.09008 0.712903 0.882818 1.07278 0.800059 0.924081 1.2319 0.876778 1.31155 0.575301
1.04696 0.988796 1.1857 0.866015 1.09378 0.827455 0.747334 0.741475 0.916122 0.710027
1.45849 1.06855 1.60579 0.807771 0.944843 0.796699 1.27086 0.958069 0.998655 0.840263
1.30643 0.611051 0.698597 0.946304 1.00844 0.573503 1.10678 1.03713 1.52199 0.905697
1.13747 1.28113 1.04033 1.42136 0.790754 0.800155 1.78989 0.875751 0.731146 0.786653
1.0425 1.1621 1.38782 0.781514 0.610401 1.24502 1.06171 0.802667 0.663303 0.669452
0.954335 0.674507 0.960577 1.01693 0.609884 0.987234 0.584291 0.562656 0.44811 1.11885
0.567979 0.842345 0.526035 1.04454 1.14838 1.27266 1.71289 1.25534 0.92778 1.39495
1.15612 1.34167 0.728141 0.763939 1.30009 1.076 0.854705 1.10767 1.20597 0.675026
0.943006 0.969347 1.12633 0.816945 1.25801 1.1145 1.48556 1.23874 0.810053 0.906928
0.797607 1.18179 0.583796 0.891253 0.86317 1.0317 1.30553 1.30352 1.05324 1.08243
0.959275 0.790984 1.27704 1.38354 1.47882 1.2017 0.954437 1.33848 1.34159 1.08749
1.52931 1.51196 1.6375 1.17473 0.767774 1.07577 1.44805 1.25499 1.253 0.895451
0.818268 1.28698 1.2083 0.894409 0.98713 0.788052 0.938673 0.620648 0.617023 0.882165
1.08095 0.834379 1.08285 0.692369 0.80439 0.89512 0.826709 0.939104 0.759326 1.03036
1.07128 0.983814 1.13067 0.883687 1.00514 0.625282 0.944283 1.18452 0.854954 1.02952
0.905794 0.950194 1.03932 1.49897 0.981127 0.889134 1.75753 0.927507 1.01978 0.988577
1.01958 0.851234 0.760853 0.822532 1.01285 0.75975 1.20374 0.991915 1.20996 1.22003
0.92689 0.890323 2.07704 1.24671 1.02939 1.21602 1.19084 1.33207 0.92455 0.820579
0.915527 1.28402 1.35263 0.545109 1.42994 1.2698 1.15563 0.923798 1.24161 1.07829
0.834414 0.928667 0.970223 0.967116 1.1236 0.924368 0.982346 1.39875 0.898255 1.29226
1.3675 0.837421 1.208 0.966373 1.02353 0.714131 1.1817 0.93098 0.72824 0.896322
0.929762 1.51439 1.03555 0.762512 1.09951 1.40447 0.767637 0.816137 1.09275 0.967024
0.817379 0.718496 1.38336 1.35088 1.13828 0.988052 1.33161 0.977822 1.24454 0.854213
0.945047 0.854044 0.688326 1.379 0.884682 0.87866 1.07005 0.618209 0.705887 0.684922
0.889173 1.28199 0.818458 0.798507 0.806668 0.678816 1.06823 1.15891 0.674362 0.669091
0.793919 1.00309 0.993147 0.612321 0.864469 1.21386 0.617975 0.867219 1.12451 0.981647
0.671041 0.763793 0.679495 0.894888 0.828018 0.943392 1.2107 0.746687 1.07616 1.58451
1.1892 1.13392 1.14843 0.545843 0.871056 1.15146 1.04311 1.01663 0.818185 1.05995
0.592766 0.890476 0.523163 1.1141 0.8475 0.931203 1.09347 0.745726 1.061 0.957524
0.84982 0.64749 0.800887 1.61423 1.39009 1.49168 0.970567 1.51066 1.06275 1.22824
1.01313 1.07221 0.616073 1.0139 0.748596 0.953818 0.827293 0.859713 0.468743 0.617081
0.641413 0.691822 1.34953 0.77963 1.13295 1.10496 1.37609 1.02776 1.49127 1.29968
1.04792 0.693853 0.65896 0.58175 0.792822 1.28266 1.05562 1.07 0.953201 0.708718
1.23174 0.829799 0.941928 1.0376 1.21914 1.6764 1.05791 1.2685 0.899367 0.997193
0.886214 0.772853 0.666954 1.05276 0.538629 1.21811 0.879506 0.761725 1.40814 0.942068
1.26608 0.670188 1.03283 1.04108 1.04995 0.796306 0.832243 1.17021 1.33857 0.656794
0.981561 0.834106 1.07435 0.66809 0.827011 0.664182 0.828285 0.826264 0.696454 0.93773
0.656243 1.11264 0.745359 0.570673 0.920264 0.919032 0.948988 0.915548 1.02003 0.534004
0.788168 0.870094 0.777843 0.758202 0.812615 1.11578 0.646195 0.631569 0.774718 1.02144
1.03566 0.773028 0.818474 0.972546 1.32697 1.26408 0.512089 0.84888 0.999693 0.697924
0.693901 0.79166 0.968716 1.26767 0.827366 1.07036 1.33796 1.0591 1.27025 1.69121
1.21736 0.991607 0.956279 0.786308 1.246 0.818723 0.67252 0.820236 1.37645 1.45966
0.803095 0.459047 0.406631 1.01554 1.02446 0.747882 0.816246 1.14018 0.772064 0.892679
0.943164 1.10629 0.721316 0.916659 0.971118 1.16574 1.27916 0.678603 0.757132 1.01983
1.08063 0.970118 1.02035 1.52357 0.747672 0.865012 1.17675 0.885514 1.32064 1.30198
1.13207 0.983838 1.52008 1.29311 0.954411 1.18955 1.05979 1.01753 1.51673 1.11481
1.12623 1.25194 1.13544 0.887326 1.02023 1.08686 1.25552 0.712068 0.893551 0.712553
1.21065 1.0568 0.905394 1.0743 1.1755 0.947553 0.88433 0.937975 0.932195 0.843647
1.23501 0.953825 1.1099 0.887055 0.752825 1.09513 1.09148 0.651645 0.951091 0.932589
0.616079 0.92899 0.835031 0.849311 0.884659 0.475967 0.759994 0.818911 0.798899 0.625529
0.719186 0.683088 0.418095 0.54001 0.716477 0.711654 0.62544 0.805077 0.881411 1.15516
1.12143 0.88874 1.12885 0.817666 0.789408 0.869143 0.841302 1.17156 1.16353 0.78733
1.65467 1.34683 0.817091 1.29526 1.41446 1.80365 0.943655 1.14334 1.86165 1.70901
1.38502 1.49598 1.15887 1.79377 1.28347 0.678488 1.24205 1.04216 0.961198 1.70713
1.56283 1.01778 1.176 1.11027 1.44171 1.17553 1.28331 1.46333 0.837034 1.25961
1.20905 1.19308 1.33165 1.43344 1.50187 1.60668 0.749511 1.01139 0.859649 0.930439
1.06465 0.984083 1.18116 1.45588 1.00782 1.13421 1.18069 0.759907 1.26541 1.08239
1.71373 1.44941 1.30659 0.814596 1.4025 0.831492 0.895434 0.841187 0.944803 0.992679
1.10358 1.22479 1.04284 1.77452 1.48316 0.995842 1.03457 1.07655 0.808507 1.03992
1.17929 0.711794 0.709122 0.937528 0.950079 0.782722 0.862027 0.865161 1.15624 1.23655
0.748037 1.16565 1.56005 1.54393 1.12168 0.798097 0.963893 0.896631 1.31439 0.663332
1.16653 1.1103 1.20392 1.02509 0.912394 1.06863 1.01282 0.708835 1.04107 0.923402
0.939244 1.97022 0.877475 1.01073 0.784951 1.36019 1.08359 1.00061 1.32684 1.38961
0.847393 1.28482 1.38072 0.82226 1.19547 0.846887 0.686655 0.786197 0.749696 0.979063
0.891917 1.03302 0.943675 0.913331 1.25237 1.16854 1.40619 0.667314 0.978216 0.591292
0.589484 0.79298 0.938412 0.758295 1.59159 1.64748 1.22381 1.42598 0.981203 1.35022
0.652409 1.02928 0.933136 1.45798 0.720616 1.14485 1.04226 0.790396 0.656885 1.03994
1.00974 0.629771 0.762746 0.819268 0.519973 1.11526 1.04409 0.964652 0.845123 0.914516
1.48895 0.728141 1.2477 1.1447 0.941601 1.15816 0.836985 0.86002 1.26971 1.2161
1.0527 0.623968 1.11751 1.09124 1.12567 1.09547 1.51846 0.9406 1.23414 0.726184
0.701203 0.980676 0.993355 0.829963 1.42082 0.84511 0.84392 1.55449 1.41739 0.689337
1.03876 1.15004 0.85428 0.832666 0.773999 1.39375 0.966458 1.89357 1.16443 1.15655
1.4207 1.05109 0.676447 0.720258 1.0425 0.66051 0.952195 0.811716 1.0979 0.416627
0.751332 0.94045 1.39245 1.2374 0.914502 1.17138 1.11855 0.989324 0.927004 1.09247
1.29897 1.18412 0.936107 0.673085 1.18991 1.0872 0.725571 1.04146 0.826715 1.45971
1.09161 1.14424 1.1202 1.23762 1.6369 1.4298 1.07761 1.17174 0.946284 1.74426
0.825941 1.01407 0.946019 1.15205 0.865382 0.476756 0.907443 0.547724 0.958879 0.9952
0.683211 0.863111 1.03598 0.60799 1.1166 1.41961 1.00736 1.26279 1.02149 0.764087
1.09476 0.953634 0.868331 1.10967 0.67517 0.782638 0.636744 0.512322 0.886543 0.587756
0.759818 0.531844 0.805847 0.83517 0.977793 1.25918 0.733031 1.17594 1.40547 0.898306
1.11456 0.769569 0.712755 0.978523 0.652062 0.883648 0.623906 0.719598 0.480758 1.1901
0.945109 1.0543 0.648591 0.957864 1.3203 0.947679 1.26433 0.531096 0.648022 0.751774
0.804555 0.910089 0.777931 0.811216 0.663111 1.22529 0.674678 0.675944 0.993309 1.3357
0.76101 1.06898 0.804414 0.687824 0.617716 0.926605 0.836534 0.710024 0.800091 1.01833
0.741738 1.28681 
>noiseOffset:
>observedSynthesisNoise:
>std_NoiseOffset:
>mutation_prior_mean:
***
0 0 0 0 0 0 0 0 0 0
0 0 0 0 0 0 0 0 0 0
0 0 0 0 0 0 0 0 0 0
0 0 0 0 0 0 0 0 0 0
>mutation_prior_sd:
***
0.35 0.35 0.35 0.35 0.35 0.35 0.35 0.35 0.35 0.35
0.35 0.35 0.35 0.35 0.35 0.35 0.35 0.35 0.35 0.35
0.35 0.35 0.35 0.35 0.35 0.35 0.35 0.35 0.35 0.35
0.35 0.35 0.35 0.35 0.35 0.35 0.35 0.35 0.35 0.35
>std_csp:
0.0542086 0.0542086 0.0542086 0.908743 0.336572 0.194775 0.183459 0.0425493 0.0425493 0.0425493
0.264181 0.0797799 0.0797799 0.38773 0.0301159 0.0301159 0.0301159 0.0301159 0.0301159 0.159252
0.0369351 0.0369351 0.0369351 0.872393 0.010506 0.010506 0.010506 0.010506 0.010506 0.0554027
0.0554027 0.0554027 0.0588201 0.0588201 0.0588201 0.0470561 0.0470561 0.0470561 0.127402 0.330226
>currentMutationParameter:
***
0.356476 0.5429 0.536994 0.340652 1.19913 -0.751551 0.675345 -0.50118 1.20082 0.388519
0.319167 0.0132793 0.45408 -0.686234 1.26636 0.492226 -0.0359303 -0.226071 0.291835 0.246828
0.185051 0.671487 0.814032 -0.602137 -1.42117 -0.693022 -0.0166121 0.669816 0.640614 0.518995
0.891567 0.791711 -0.133257 0.104024 0.302745 0.721871 1.29541 0.331453 0.380727 0.762946
>currentSelectionParameter:
***
-0.389961 -0.579053 -0.66489 -0.0498806 -0.93568 0.229449 -1.31912 -0.0170763 -0.305272 0.384019
-1.09176 -0.790564 -1.28759 0.470891 0.354739 -1.57093 -0.773791 -0.497768 1.34871 -1.18978
-0.16436 -0.779149 -0.831486 1.91991 -0.934942 -1.05103 -0.0253015 -0.466134 -0.186691 0.0906004
-0.897842 -0.387342 -0.470633 -0.710098 -0.906436 0.360152 -0.810517 -0.556967 -1.43397 -0.947865
>covarianceMatrix:
A
0.00044275	0.000278966	0.000190885	-0.000246495	-0.000181904	-8.89129e-05	
0.000278966	0.000442751	0.000254079	-0.000144848	-0.000233231	-0.00011288	
0.000190885	0.000254079	0.000343095	-4.47494e-05	-9.76248e-05	-0.000114283	
-0.000246495	-0.000144848	-4.47494e-05	0.000220271	0.000146046	6.12145e-05	
-0.000181904	-0.000233231	-9.76248e-05	0.000146046	0.000202498	9.47837e-05	
-8.89129e-05	-0.00011288	-0.000114283	6.12145e-05	9.47837e-05	0.00011066	
***
>covarianceMatrix:
C
0.0155765	-0.0116376	
-0.0116376	0.0142892	
***
>covarianceMatrix:
D
0.00167441	-0.00123989	
-0.00123989	0.00176716	
***
>covarianceMatrix:
E
0.00151594	-0.00111824	
-0.00111824	0.00135492	
***
>covarianceMatrix:
F
0.00152988	-0.000461031	
-0.000461031	0.00199526	
***
>covarianceMatrix:
G
0.000154749	0.000130741	6.30659e-05	-8.42185e-05	-8.90637e-05	-1.07855e-05	
0.000130741	0.00040154	-6.55171e-05	-3.691e-05	-0.000180422	0.000128395	
6.30659e-05	-6.55171e-05	0.00033919	-3.82137e-05	2.47984e-06	-0.000184312	
-8.42185e-05	-3.691e-05	-3.82137e-05	8.59818e-05	5.10256e-05	2.35943e-05	
-8.90637e-05	-0.000180422	2.47984e-06	5.10256e-05	0.000157313	-1.14351e-05	
-1.07855e-05	0.000128395	-0.000184312	2.35943e-05	-1.14351e-05	0.000296509	
***
>covarianceMatrix:
H
0.00692571	-0.00565129	
-0.00565129	0.00757205	
***
>covarianceMatrix:
I
0.000597294	0.000223015	-0.00048422	-0.000202815	
0.000223015	0.000330494	-0.000117801	-0.000203627	
-0.00048422	-0.000117801	0.000572743	0.000237421	
-0.000202815	-0.000203627	0.000237421	0.000274528	
***
>covarianceMatrix:
K
0.00166564	-0.00126344	
-0.00126344	0.00151821	
***
>covarianceMatrix:
L
0.000838302	-1.8027e-05	5.30822e-05	0.000130542	0.000173933	-0.000221403	7.19264e-05	-1.36482e-06	-2.85994e-05	5.55977e-05	
-1.8027e-05	0.000135099	7.86449e-05	-4.56775e-06	-2.81153e-05	5.65109e-05	-6.15583e-05	-3.67622e-05	2.83029e-05	-5.17252e-05	
5.30822e-05	7.86449e-05	0.000151778	-5.23191e-05	2.19005e-05	4.43655e-05	-5.95912e-05	-8.06435e-05	4.63236e-05	-9.18312e-05	
0.000130542	-4.56775e-06	-5.23191e-05	0.000138823	1.31811e-05	-5.91798e-05	7.40898e-05	6.12328e-05	-5.8218e-05	0.000106381	
0.000173933	-2.81153e-05	2.19005e-05	1.31811e-05	0.000222862	-3.8378e-05	1.34654e-05	-7.01289e-06	-1.591e-06	4.34844e-05	
-0.000221403	5.65109e-05	4.43655e-05	-5.91798e-05	-3.8378e-05	0.000315183	-5.93621e-05	-3.19064e-05	2.50819e-05	-4.40651e-05	
7.19264e-05	-6.15583e-05	-5.95912e-05	7.40898e-05	1.34654e-05	-5.93621e-05	0.000106986	7.43085e-05	-5.68449e-05	0.00011923	
-1.36482e-06	-3.67622e-05	-8.06435e-05	6.12328e-05	-7.01289e-06	-3.19064e-05	7.43085e-05	8.78445e-05	-4.70772e-05	0.00010858	
-2.85994e-05	2.83029e-05	4.63236e-05	-5.8218e-05	-1.591e-06	2.50819e-05	-5.68449e-05	-4.70772e-05	5.92246e-05	-8.87029e-05	
5.55977e-05	-5.17252e-05	-9.18312e-05	0.000106381	4.34844e-05	-4.40651e-05	0.00011923	0.00010858	-8.87029e-05	0.000272904	
***
>covarianceMatrix:
N
0.00194255	-0.000469918	
-0.000469918	0.00199678	
***
>covarianceMatrix:
P
0.000631614	4.15639e-05	-5.76899e-06	-0.000464728	2.93213e-05	4.5006e-05	
4.15639e-05	0.000681871	8.95628e-05	8.64118e-05	-0.00038761	2.7169e-05	
-5.76899e-06	8.95628e-05	0.000244175	6.09661e-05	1.35627e-05	-7.44087e-05	
-0.000464728	8.64118e-05	6.09661e-05	0.000477114	-2.60302e-05	9.22566e-06	
2.93213e-05	-0.00038761	1.35627e-05	-2.60302e-05	0.000385711	1.98573e-05	
4.5006e-05	2.7169e-05	-7.44087e-05	9.22566e-06	1.98573e-05	0.000109262	
***
>covarianceMatrix:
Q
0.00740766	-0.00589875	
-0.00589875	0.00856391	
***
>covarianceMatrix:
R
0.000329019	2.90543e-05	0.00016173	3.64833e-05	-0.000115446	-0.000288258	-3.40424e-05	-8.02532e-05	-5.39363e-05	-2.15715e-05	
2.90543e-05	7.25443e-05	5.96544e-05	3.70201e-05	3.53938e-06	1.12691e-05	-1.28983e-05	-3.79026e-05	1.55642e-05	-2.13313e-06	
0.00016173	5.96544e-05	0.000710091	-2.70514e-05	4.58147e-07	-4.29586e-05	0.000126516	-0.000347449	0.00011012	3.32537e-05	
3.64833e-05	3.70201e-05	-2.70514e-05	0.000392361	1.95403e-05	3.41864e-05	1.65114e-08	2.86484e-05	-6.08851e-05	-4.22189e-05	
-0.000115446	3.53938e-06	4.58147e-07	1.95403e-05	0.000301478	0.000202942	5.77166e-05	-2.47617e-05	-1.04979e-05	-2.23223e-05	
