>groupList:
A C D E F G H I K L
N P Q R S T V Y Z 
>stdDevSynthesisRate:
0.267096 
>numParam:
40
>numMixtures:
1
>std_stdDevSynthesisRate:
0.0659361
>std_phi:
***
0.223915 0.637813 0.748153 0.485986 0.647362 1.15484 0.598522 0.768659 0.393553 0.647362
1.0115 0.553367 0.768659 0.575502 0.568535 0.768659 0.622463 0.409295 0.768659 0.614927
0.923869 0.809202 0.960824 0.864637 0.923869 0.730147 0.614927 1.0808 0.899222 0.657053
0.420514 0.935191 0.691709 0.923869 0.525642 0.525642 0.675062 0.960824 0.854169 0.425667
0.759353 0.639524 0.691709 0.505425 0.517889 0.568535 1.03923 0.568535 0.414311 0.598522
0.799405 0.831381 0.505425 0.607482 0.591276 0.532084 0.647362 0.614927 0.831381 0.568535
0.899222 0.525642 0.546668 0.473021 0.607482 0.888335 0.665105 0.553367 0.923869 0.778079
0.739095 0.683335 0.553367 0.739095 0.683335 0.778079 0.591276 0.888335 0.665105 0.748153
0.598522 0.591276 0.388789 0.505425 0.719378 0.768659 0.491942 0.665105 0.460402 0.854169
0.768659 0.683335 0.854169 0.631782 0.683335 1.0808 0.657053 0.336411 0.614927 0.491942
0.739095 0.864637 0.409295 0.84157 0.299068 0.972599 0.425667 0.54005 0.748153 0.665105
0.591276 0.525642 0.639524 0.691709 0.561652 0.340534 0.622463 0.546668 0.425667 0.639524
0.972599 0.505425 0.614927 0.631782 0.591276 0.546668 0.497971 0.511619 0.546668 0.425667
0.778079 0.710668 0.739095 0.491942 0.739095 0.683335 0.40434 0.778079 0.675062 0.875233
0.899222 0.525642 0.568535 0.864637 0.575502 0.345632 0.831381 0.899222 0.739095 0.575502
0.437334 0.491942 0.647362 0.409295 0.960824 0.511619 0.568535 1.0808 0.719378 0.553367
0.575502 0.739095 0.561652 0.491942 0.378417 0.467294 0.657053 0.336411 0.420514 0.591276
1.03923 0.567014 0.454828 0.739095 0.864637 0.485986 0.739095 0.591276 0.768659 0.323472
0.598522 0.780166 0.491942 0.631782 0.768659 0.631782 0.799405 0.532084 0.683335 0.768659
0.454828 0.831381 0.591276 0.454828 0.639524 0.739095 0.768659 0.378417 0.568535 0.336411
0.368321 0.864637 0.854169 1.11042 0.491942 0.311031 0.719378 0.657053 0.591276 0.467294
1.21575 0.622463 0.759353 0.831381 0.473021 0.739095 0.719378 0.591276 0.591276 0.935191
0.730147 0.799405 0.561652 0.888335 0.546668 0.710668 0.584118 0.935191 1.06771 0.899222
0.768659 0.497971 0.575502 1.06771 0.40434 0.710668 0.937699 0.591276 0.710668 0.739095
0.517889 0.622463 0.768659 0.719378 0.831381 1.0808 0.473021 0.923869 0.511619 0.598522
0.631782 0.639524 0.665105 0.591276 0.999257 0.454828 0.598522 0.460402 0.491942 0.935191
0.710668 0.568535 0.821316 1.03923 0.473021 0.363862 0.519278 0.525642 0.673256 0.864637
1.12403 0.799405 0.854169 0.553367 0.327436 0.748153 0.553367 0.888335 0.409295 0.269129
0.831381 1.15484 0.622463 0.972599 0.821316 0.399445 0.768659 1.0115 0.591276 0.525642
0.799405 0.923869 0.614927 0.665105 0.525642 0.591276 0.719378 0.799405 0.639524 0.768659
0.831381 1.23395 0.302733 0.349867 0.272427 0.553367 0.393553 0.398376 0.336411 0.511619
0.546668 0.546668 0.639524 0.899222 0.691709 0.525642 0.420514 0.799405 0.363862 0.561652
0.314843 0.437334 1.03923 0.336411 0.639524 0.675062 0.614927 0.232872 1.03923 0.532084
0.454828 0.639524 0.460402 0.614927 0.960824 0.591276 0.999257 0.972599 0.748153 0.923869
0.622463 0.789727 0.799405 0.719378 0.768659 0.631782 0.639524 0.258778 0.591276 0.639524
0.425667 0.29109 0.336411 0.40434 0.473021 0.647362 0.363862 0.409295 0.454828 0.553367
0.568535 0.473021 0.460402 0.719378 0.691709 0.420514 0.568535 0.478818 1.20103 0.759353
0.778079 0.363862 0.582555 0.349867 0.525642 1.12403 0.789727 0.710668 0.923869 0.821316
0.631782 0.799405 0.739095 0.442694 0.748153 0.532084 0.691709 0.999257 0.748153 0.614927
0.449321 0.388789 0.473021 1.06771 0.639524 0.657053 0.691709 0.505425 0.349867 1.06771
0.614927 0.560149 0.553367 0.575502 1.21575 0.691709 0.665105 0.789727 0.460402 0.768659
0.568535 0.511619 0.768659 0.821316 0.899222 0.639524 0.935191 0.899222 0.511619 0.575502
0.622463 0.269129 0.591276 0.269129 1.06771 0.546668 0.478818 0.657053 0.999257 0.467294
0.383054 0.888335 0.935191 0.809202 0.899222 1.02665 0.647362 0.517889 0.799405 0.719378
0.630092 0.591276 0.409295 0.302733 0.201499 0.311031 0.935191 0.831381 0.864637 0.999257
0.665105 1.26438 0.768659 0.778079 0.478818 0.532084 1.03923 0.420514 0.511619 0.460402
0.511619 0.657053 0.532084 0.591276 0.607482 0.683335 0.719378 0.437334 0.639524 0.639524
0.505425 0.546668 0.575502 0.568535 0.719378 1.0115 0.935191 0.647362 0.748153 0.505425
0.460402 0.960824 0.987159 0.739095 0.631782 0.607482 0.778079 0.831381 0.553367 0.568535
0.935191 0.719378 0.511619 0.899222 0.809202 0.532084 0.768659 0.598522 0.591276 0.505425
0.398376 0.622463 0.511619 0.591276 0.719378 0.442694 0.532084 0.614927 0.739095 0.478818
0.261949 0.799405 0.647362 0.665105 0.591276 0.719378 0.437334 0.575502 0.622463 0.553367
0.639524 0.279894 0.368321 0.899222 0.511619 0.888335 0.691709 0.639524 0.949191 0.454828
0.420514 0.449321 0.719378 0.935191 0.768659 0.485986 0.568535 1.44355 0.665105 0.568535
0.532084 0.710668 0.854169 0.639524 0.739095 0.987159 0.491942 0.511619 0.691709 0.473021
0.665105 0.454828 0.575502 0.864637 0.864637 0.40434 0.467294 0.511619 0.591276 0.491942
0.614927 0.683335 0.491942 0.584118 0.598522 0.710668 0.719378 0.739095 1.0115 0.960824
1.0808 0.683335 0.485986 0.960824 0.923869 0.899222 0.491942 0.719378 0.899222 0.409295
0.414311 0.363862 0.363862 0.683335 0.831381 0.639524 0.546668 0.614927 0.607482 0.478818
0.442694 0.622463 0.40434 0.639524 0.478818 0.388789 0.449321 0.899222 0.719378 0.460402
0.768659 0.43204 0.425667 0.525642 0.622463 0.665105 0.368321 0.532084 0.730147 0.631782
0.485986 0.437334 0.605857 0.614927 0.739095 0.393553 0.598522 1.03923 0.497971 0.647362
0.538605 0.639524 0.511619 0.665105 0.665105 0.546668 0.614927 0.987159 0.864637 1.0115
0.923869 1.0808 0.778079 0.960824 0.739095 0.768659 0.768659 0.491942 0.460402 0.691709
0.87758 0.591276 0.568535 0.831381 0.710668 0.491942 0.538605 0.665105 0.517889 0.691709
0.719378 0.639524 0.923869 0.437334 0.639524 0.657053 0.923869 0.730147 0.899222 0.949191
0.710668 0.491942 0.799405 0.691709 0.739095 0.491942 0.710668 0.759353 0.591276 0.821316
0.987159 0.532084 0.614927 0.491942 0.854169 0.739095 0.363862 0.888335 0.843827 0.899222
0.43204 0.631782 0.730147 0.340534 0.553367 0.935191 0.831381 0.768659 0.972599 0.768659
0.691709 0.647362 0.899222 0.598522 0.614927 0.768659 0.710668 0.768659 0.525642 0.639524
0.683335 0.923869 0.639524 0.675062 0.639524 1.21575 0.511619 0.460402 0.719378 0.960824
0.999257 0.591276 0.363862 0.454828 0.575502 0.899222 0.854169 0.719378 0.568535 0.719378
0.821316 0.768659 0.665105 1.18649 0.799405 0.449321 0.473021 0.546668 0.607482 0.987159
1.03923 0.728194 0.683335 0.789727 0.568535 0.631782 1.23395 0.910242 0.43204 0.437334
0.614927 0.864637 0.584118 0.631782 0.639524 0.854169 0.923869 0.768659 0.888335 0.511619
0.614927 0.614927 0.591276 0.821316 0.799405 0.560149 0.568535 0.665105 0.748153 0.683335
0.719378 0.327436 0.831381 0.425667 0.532084 0.591276 0.799405 0.691709 0.665105 0.639524
0.778079 0.647362 0.854169 0.831381 0.657053 0.719378 0.473021 0.442694 0.739095 0.614927
0.748153 0.546668 0.821316 0.719378 0.809202 0.575502 0.960824 0.691709 0.363862 0.691709
0.591276 0.999257 0.923869 0.323472 0.710668 0.864637 0.639524 0.719378 0.739095 0.789727
0.425667 0.591276 0.778079 0.831381 0.673256 0.363862 0.710668 0.665105 0.525642 0.614927
0.899222 0.831381 0.568535 0.799405 0.888335 0.251874 1.12403 0.497971 0.739095 0.831381
0.323472 0.665105 0.768659 0.639524 1.05196 0.398376 0.864637 0.778079 1.20103 0.730147
1.0808 0.799405 0.614927 0.525642 0.864637 0.719378 0.631782 0.864637 0.568535 0.768659
0.614927 0.639524 0.437334 0.511619 0.473021 0.831381 0.683335 0.778079 0.473021 0.888335
0.393553 0.449321 0.425667 0.505425 0.789727 0.864637 0.598522 0.40434 0.505425 1.03923
0.759353 0.511619 0.546668 0.591276 1.20103 0.388789 0.768659 0.799405 0.505425 0.683335
0.393553 0.373835 0.598522 0.647362 0.425667 1.05196 0.532084 0.691709 0.999257 0.575502
0.393553 0.759353 0.511619 0.647362 0.719378 0.691709 0.960824 0.647362 0.768659 0.799405
0.517889 1.03923 0.546668 0.442694 0.607482 0.831381 0.598522 0.336411 1.0115 0.665105
0.283324 0.425667 0.532084 0.665105 0.719378 0.591276 0.568535 0.622463 0.525642 0.639524
0.269129 0.409295 0.485986 0.719378 0.532084 0.598522 0.575502 0.525642 0.40434 0.568535
0.442694 0.673256 0.935191 0.639524 0.923869 0.768659 0.854169 0.43204 0.768659 0.575502
0.525642 0.442694 0.546668 0.388789 0.639524 0.960824 0.299068 0.854169 0.864637 0.821316
0.378417 0.935191 0.553367 0.739095 0.614927 0.622463 0.532084 0.854169 1.15484 0.532084
0.614927 0.831381 0.354155 0.710668 0.505425 1.16899 0.532084 0.748153 0.960824 0.960824
1.0808 0.821316 0.739095 1.11042 0.478818 0.582555 0.336411 0.511619 0.532084 0.349867
0.778079 0.568535 0.972599 0.691709 0.598522 0.491942 0.631782 1.05196 0.511619 0.864637
0.525642 0.591276 0.420514 0.591276 0.864637 0.582555 0.302733 0.354155 1.0808 0.748153
0.584118 1.16899 0.799405 0.546668 0.683335 0.425667 0.665105 0.591276 0.710668 0.546668
0.665105 0.960824 0.473021 0.546668 0.449321 0.425667 0.340534 0.460402 0.575502 0.888335
0.561652 0.454828 0.425667 0.691709 0.739095 0.497971 1.62379 0.546668 0.491942 0.532084
0.553367 0.719378 0.437334 0.730147 0.478818 0.631782 0.691709 0.683335 0.854169 1.06771
1.15484 0.799405 0.691709 0.888335 1.05478 0.778079 0.442694 0.363862 0.425667 0.739095
0.553367 1.03923 0.437334 0.425667 0.614927 0.799405 0.546668 0.639524 0.691709 0.497971
0.553367 0.719378 0.910242 0.831381 0.511619 0.691709 0.691709 1.15484 1.03923 0.511619
1.24907 0.999257 0.739095 0.923869 0.511619 0.809202 0.700186 0.591276 0.478818 1.0808
0.888335 0.683335 0.323472 0.473021 0.719378 0.639524 0.525642 0.491942 0.748153 0.639524
0.999257 0.454828 0.999257 0.748153 0.639524 0.454828 0.532084 0.591276 0.425667 0.568535
0.864637 0.999257 0.739095 0.739095 0.739095 0.639524 0.888335 0.460402 1.05196 0.532084
0.614927 0.799405 0.831381 0.460402 0.778079 0.864637 0.340534 0.728194 0.665105 0.854169
0.532084 0.591276 0.888335 0.864637 0.378417 0.414311 0.821316 0.888335 0.888335 0.409295
0.999257 0.831381 0.546668 0.768659 0.935191 0.778079 0.473021 0.546668 0.546668 0.719378
0.821316 0.719378 0.854169 0.864637 0.665105 0.442694 0.739095 0.553367 0.665105 1.0115
0.831381 0.673256 0.899222 0.809202 0.40434 0.683335 1.03923 1.35099 0.639524 0.912684
0.799405 0.831381 0.553367 0.831381 0.546668 0.854169 0.639524 0.821316 0.532084 0.318701
0.759353 0.768659 0.568535 0.639524 0.639524 0.546668 0.888335 0.591276 0.759353 0.491942
1.35099 0.972599 0.598522 0.923869 0.702064 0.854169 0.532084 0.935191 0.831381 0.673256
0.935191 0.899222 0.768659 0.831381 0.546668 0.584118 0.854169 0.778079 0.591276 0.40434
0.607482 0.378417 0.739095 0.473021 0.568535 0.525642 0.799405 0.553367 0.568535 0.748153
0.525642 0.568535 0.614927 0.821316 1.03923 0.561652 0.719378 0.821316 0.899222 0.553367
0.778079 1.0808 0.511619 0.821316 0.525642 0.591276 0.40434 0.739095 0.683335 0.478818
0.425667 0.960824 1.0808 0.864637 0.639524 0.591276 0.748153 0.497971 0.923869 0.639524
0.525642 1.03923 0.719378 0.912684 0.388789 0.525642 0.999257 0.702064 0.888335 0.821316
0.739095 1.21575 0.923869 0.748153 1.28331 0.935191 0.87758 0.584118 1.31495 0.912684
1.29903 0.999257 0.831381 0.799405 0.768659 0.999257 0.864637 0.553367 0.665105 1.15484
0.999257 0.864637 0.778079 0.639524 1.0808 0.591276 0.864637 0.748153 0.821316 0.691709
0.923869 0.778079 1.0808 0.960824 1.33464 0.409295 1.06771 0.864637 0.821316 0.999257
1.35099 0.568535 0.854169 0.700186 0.607482 0.598522 0.393553 0.854169 0.719378 0.748153
0.665105 0.739095 0.454828 0.831381 0.748153 0.505425 0.702064 0.768659 0.473021 0.739095
1.11042 1.16899 1.06771 0.420514 0.525642 0.442694 0.420514 0.700186 0.460402 0.314843
0.809202 0.591276 0.591276 1.0115 0.442694 0.899222 0.739095 0.768659 0.437334 0.568535
0.809202 0.799405 0.768659 0.691709 0.525642 1.20103 0.505425 0.517889 0.568535 0.538605
0.665105 0.415423 0.710668 0.683335 0.505425 0.935191 0.393553 0.657053 0.532084 0.748153
0.923869 1.15484 0.598522 0.691709 0.665105 0.719378 0.864637 0.748153 0.409295 0.575502
0.568535 0.568535 0.409295 0.768659 0.768659 0.639524 0.505425 0.437334 0.491942 0.591276
0.739095 1.26438 0.691709 0.673256 0.511619 0.614927 0.299068 1.0115 0.393553 0.935191
0.478818 0.999257 1.0808 0.683335 1.21575 0.748153 0.639524 0.710668 0.511619 0.799405
0.485986 0.460402 0.393553 0.831381 1.20103 0.639524 0.485986 0.875233 0.591276 0.340534
0.821316 0.491942 0.665105 0.553367 1.03923 0.683335 0.511619 0.409295 0.546668 0.888335
1.0808 0.568535 0.799405 0.831381 0.568535 0.614927 0.864637 0.631782 0.768659 0.809202
0.425667 0.799405 0.665105 0.768659 1.20103 0.831381 0.624133 0.831381 0.314843 0.923869
0.473021 0.561652 0.719378 0.336411 0.425667 0.299068 0.831381 0.591276 0.354155 0.409295
0.460402 0.409295 0.972599 0.437334 0.831381 0.607482 0.378417 0.665105 0.607482 0.478818
0.425667 0.631782 0.409295 0.349867 0.314843 0.460402 0.478818 0.378417 0.719378 0.553367
0.437334 0.420514 0.614927 0.378417 0.287566 0.568535 0.831381 0.631782 0.799405 0.575502
0.821316 0.584118 0.499306 0.378417 0.631782 0.525642 0.442694 0.460402 0.491942 0.454828
0.454828 0.287566 0.473021 0.799405 0.323472 0.665105 0.568535 0.454828 0.799405 0.710668
0.425667 0.485986 0.748153 0.546668 0.499306 0.546668 0.454828 0.864637 0.631782 0.831381
0.999257 0.728194 0.821316 0.546668 0.467294 0.485986 0.538605 0.568535 0.368321 0.373835
0.710668 0.349867 0.437334 0.420514 0.614927 0.899222 0.614927 1.35099 0.473021 0.511619
0.40434 0.363862 0.759353 0.665105 0.683335 0.768659 0.739095 1.03923 0.972599 0.799405
0.575502 0.340534 0.875233 0.639524 0.657053 0.349867 0.759353 0.683335 0.409295 0.478818
0.607482 0.665105 0.409295 0.584118 0.511619 0.809202 0.739095 0.511619 0.935191 0.553367
0.739095 0.584118 0.683335 0.511619 0.553367 0.568535 0.473021 0.831381 0.614927 0.700186
0.864637 0.657053 0.665105 0.84157 0.614927 0.473021 0.525642 0.420514 0.622463 0.614927
0.84157 0.591276 0.473021 0.409295 0.899222 0.888335 0.739095 0.739095 0.768659 0.875233
0.409295 0.854169 0.710668 0.691709 0.809202 0.710668 0.323472 0.739095 0.657053 0.614927
1.03923 0.768659 0.683335 0.665105 0.960824 1.05196 0.935191 0.568535 0.748153 0.639524
0.622463 0.768659 0.460402 0.768659 0.614927 0.491942 0.354155 0.591276 0.420514 0.739095
0.719378 0.607482 0.491942 0.778079 0.789727 0.639524 0.809202 0.425667 0.43204 0.935191
0.854169 1.05478 0.831381 0.614927 1.23395 0.425667 0.683335 0.485986 0.314843 0.442694
0.710668 0.568535 0.768659 0.799405 0.425667 0.972599 0.710668 0.553367 0.485986 0.739095
0.491942 0.768659 0.420514 0.591276 0.999257 1.02665 0.691709 0.854169 0.799405 0.614927
0.511619 0.710668 0.657053 0.923869 0.639524 0.420514 0.809202 0.657053 0.591276 0.40434
0.665105 0.591276 0.748153 0.665105 0.607482 0.831381 0.546668 0.665105 0.657053 0.999257
0.730147 0.598522 0.739095 0.960824 0.460402 1.38802 0.799405 0.809202 0.799405 0.748153
0.449321 0.622463 0.657053 0.831381 0.864637 0.378417 0.425667 0.568535 1.20103 0.923869
0.614927 0.568535 0.631782 0.748153 0.614927 0.739095 0.912684 1.0808 0.639524 0.864637
1.33464 0.710668 0.864637 0.336411 0.454828 0.505425 0.799405 0.251874 1.21575 0.665105
1.20103 0.831381 1.03923 0.799405 0.778079 0.864637 0.598522 1.20103 0.87758 0.739095
0.622463 0.639524 0.768659 0.607482 0.388789 0.739095 0.972599 0.719378 0.614927 0.831381
0.864637 0.799405 0.614927 0.532084 0.532084 0.553367 0.683335 0.639524 0.647362 0.710668
0.665105 0.768659 0.614927 1.0808 0.719378 0.553367 0.910242 0.768659 0.591276 0.538605
0.84157 1.0808 
>categories:
0 0
>mixtureAssignment:
0 0 0 0 0 0 0 0 0 0 0 0 0 0 0 0 0 0 0 0 0 0 0 0 0 0 0 0 0 0 0 0 0 0 0 0 0 0 0 0 0 0 0 0 0 0 0 0 0 0
0 0 0 0 0 0 0 0 0 0 0 0 0 0 0 0 0 0 0 0 0 0 0 0 0 0 0 0 0 0 0 0 0 0 0 0 0 0 0 0 0 0 0 0 0 0 0 0 0 0
0 0 0 0 0 0 0 0 0 0 0 0 0 0 0 0 0 0 0 0 0 0 0 0 0 0 0 0 0 0 0 0 0 0 0 0 0 0 0 0 0 0 0 0 0 0 0 0 0 0
0 0 0 0 0 0 0 0 0 0 0 0 0 0 0 0 0 0 0 0 0 0 0 0 0 0 0 0 0 0 0 0 0 0 0 0 0 0 0 0 0 0 0 0 0 0 0 0 0 0
0 0 0 0 0 0 0 0 0 0 0 0 0 0 0 0 0 0 0 0 0 0 0 0 0 0 0 0 0 0 0 0 0 0 0 0 0 0 0 0 0 0 0 0 0 0 0 0 0 0
0 0 0 0 0 0 0 0 0 0 0 0 0 0 0 0 0 0 0 0 0 0 0 0 0 0 0 0 0 0 0 0 0 0 0 0 0 0 0 0 0 0 0 0 0 0 0 0 0 0
0 0 0 0 0 0 0 0 0 0 0 0 0 0 0 0 0 0 0 0 0 0 0 0 0 0 0 0 0 0 0 0 0 0 0 0 0 0 0 0 0 0 0 0 0 0 0 0 0 0
0 0 0 0 0 0 0 0 0 0 0 0 0 0 0 0 0 0 0 0 0 0 0 0 0 0 0 0 0 0 0 0 0 0 0 0 0 0 0 0 0 0 0 0 0 0 0 0 0 0
0 0 0 0 0 0 0 0 0 0 0 0 0 0 0 0 0 0 0 0 0 0 0 0 0 0 0 0 0 0 0 0 0 0 0 0 0 0 0 0 0 0 0 0 0 0 0 0 0 0
0 0 0 0 0 0 0 0 0 0 0 0 0 0 0 0 0 0 0 0 0 0 0 0 0 0 0 0 0 0 0 0 0 0 0 0 0 0 0 0 0 0 0 0 0 0 0 0 0 0
0 0 0 0 0 0 0 0 0 0 0 0 0 0 0 0 0 0 0 0 0 0 0 0 0 0 0 0 0 0 0 0 0 0 0 0 0 0 0 0 0 0 0 0 0 0 0 0 0 0
0 0 0 0 0 0 0 0 0 0 0 0 0 0 0 0 0 0 0 0 0 0 0 0 0 0 0 0 0 0 0 0 0 0 0 0 0 0 0 0 0 0 0 0 0 0 0 0 0 0
0 0 0 0 0 0 0 0 0 0 0 0 0 0 0 0 0 0 0 0 0 0 0 0 0 0 0 0 0 0 0 0 0 0 0 0 0 0 0 0 0 0 0 0 0 0 0 0 0 0
0 0 0 0 0 0 0 0 0 0 0 0 0 0 0 0 0 0 0 0 0 0 0 0 0 0 0 0 0 0 0 0 0 0 0 0 0 0 0 0 0 0 0 0 0 0 0 0 0 0
0 0 0 0 0 0 0 0 0 0 0 0 0 0 0 0 0 0 0 0 0 0 0 0 0 0 0 0 0 0 0 0 0 0 0 0 0 0 0 0 0 0 0 0 0 0 0 0 0 0
0 0 0 0 0 0 0 0 0 0 0 0 0 0 0 0 0 0 0 0 0 0 0 0 0 0 0 0 0 0 0 0 0 0 0 0 0 0 0 0 0 0 0 0 0 0 0 0 0 0
0 0 0 0 0 0 0 0 0 0 0 0 0 0 0 0 0 0 0 0 0 0 0 0 0 0 0 0 0 0 0 0 0 0 0 0 0 0 0 0 0 0 0 0 0 0 0 0 0 0
0 0 0 0 0 0 0 0 0 0 0 0 0 0 0 0 0 0 0 0 0 0 0 0 0 0 0 0 0 0 0 0 0 0 0 0 0 0 0 0 0 0 0 0 0 0 0 0 0 0
0 0 0 0 0 0 0 0 0 0 0 0 0 0 0 0 0 0 0 0 0 0 0 0 0 0 0 0 0 0 0 0 0 0 0 0 0 0 0 0 0 0 0 0 0 0 0 0 0 0
0 0 0 0 0 0 0 0 0 0 0 0 0 0 0 0 0 0 0 0 0 0 0 0 0 0 0 0 0 0 0 0 0 0 0 0 0 0 0 0 0 0 0 0 0 0 0 0 0 0
0 0 0 0 0 0 0 0 0 0 0 0 0 0 0 0 0 0 0 0 0 0 0 0 0 0 0 0 0 0 0 0 0 0 0 0 0 0 0 0 0 0 0 0 0 0 0 0 0 0
0 0 0 0 0 0 0 0 0 0 0 0 0 0 0 0 0 0 0 0 0 0 0 0 0 0 0 0 0 0 0 0 0 0 0 0 0 0 0 0 0 0 0 0 0 0 0 0 0 0
0 0 0 0 0 0 0 0 0 0 0 0 0 0 0 0 0 0 0 0 0 0 0 0 0 0 0 0 0 0 0 0 0 0 0 0 0 0 0 0 0 0 0 0 0 0 0 0 0 0
0 0 0 0 0 0 0 0 0 0 0 0 0 0 0 0 0 0 0 0 0 0 0 0 0 0 0 0 0 0 0 0 0 0 0 0 0 0 0 0 0 0 0 0 0 0 0 0 0 0
0 0 0 0 0 0 0 0 0 0 0 0 0 0 0 0 0 0 0 0 0 0 0 0 0 0 0 0 0 0 0 0 0 0 0 0 0 0 0 0 0 0 0 0 0 0 0 0 0 0
0 0 0 0 0 0 0 0 0 0 0 0 0 0 0 0 0 0 0 0 0 0 0 0 0 0 0 0 0 0 0 0 0 0 0 0 0 0 0 0 0 0 0 0 0 0 0 0 0 0
0 0 0 0 0 0 0 0 0 0 0 0 0 0 0 0 0 0 0 0 0 0 0 0 0 0 0 0 0 0 0 0 0 0 0 0 0 0 0 0 0 0 0 0 0 0 0 0 0 0
0 0 0 0 0 0 0 0 0 0 0 0 0 0 0 0 0 0 0 0 0 0 0 0 0 0 0 0 0 0 0 0 0 0 0 0 0 0 0 0 0 0 0 0 0 0 0 0 0 0
0 0 0 0 0 0 0 0 0 0 0 0 0 0 0 0 0 0 0 0 0 0 0 0 0 0 0 0 0 0 0 0 0 0 0 0 0 0 0 0 0 0 0 0 0 0 0 0 0 0
0 0 0 0 0 0 0 0 0 0 0 0 0 0 0 0 0 0 0 0 0 0 0 0 0 0 0 0 0 0 0 0 0 0 0 0 0 0 0 0 0 0 0 0 0 0 0 0 0 0
0 0 0 0 0 0 0 0 0 0 0 0 0 0 0 0 0 0 0 0 0 0 0 0 0 0 0 0 0 0 0 0 0 0 0 0 0 0 0 0 0 0 0 0 0 0 0 0 0 0
0 0 0 0 0 0 0 0 0 0 0 0 0 0 0 0 0 0 0 0 0 0 0 0 0 0 0 0 0 0 0 0 0 0 0 0 0 0 0 0 0 0 0 0 0 0 0 0 0 0
0 0 0 0 0 0 0 0 0 0 0 0 0 0 0 0 0 0 0 0 0 0 0 0 0 0 0 0 0 0 0 0 0 0 0 0 0 0 0 0 0 0 0 0 0 0 0 0 0 0
0 0 0 0 0 0 0 0 0 0 0 0 0 0 0 0 0 0 0 0 0 0 0 0 0 0 0 0 0 0 0 0 0 0 0 0 0 0 0 0 0 0 0 0 0 0 0 0 0 0
0 0 0 0 0 0 0 0 0 0 0 0 0 0 0 0 0 0 0 0 0 0 0 0 0 0 0 0 0 0 0 0 0 0 0 0 0 0 0 0 0 0 
>numMutationCategories:
1
>numSelectionCategories:
1
>categoryProbabilities:
1 
>selectionIsInMixture:
***
0 
>mutationIsInMixture:
***
0 
>obsPhiSets:
0
>currentSynthesisRateLevel:
***
0.996743 0.872174 0.933295 0.662249 0.815603 0.793818 0.938682 0.732523 0.952742 0.889731
0.609455 0.580896 0.677966 1.07992 1.25965 0.712081 0.847884 1.06128 0.916881 0.562644
0.914055 0.817975 0.810154 0.924592 0.770079 0.800939 0.811681 0.717019 0.812187 0.943174
0.755031 0.811754 0.513512 0.825823 0.928755 0.942791 0.806427 0.992796 0.610846 1.0703
1.11902 0.665586 1.07792 0.876455 0.938282 0.855878 1.13665 0.774957 1.13408 0.909204
0.826218 0.92353 1.25494 0.579555 0.983287 1.09795 0.687305 1.00831 0.962524 1.06814
1.06547 0.965477 1.3011 0.956458 1.16466 1.03456 0.89548 0.856514 0.71715 0.864002
0.703459 0.690369 0.848702 0.777651 1.12822 0.581454 0.993725 0.822404 1.22881 0.846759
1.05328 0.944036 0.991888 1.11673 0.439915 0.582073 0.784273 0.720122 0.919747 0.826821
0.672678 0.858714 0.763227 0.672866 0.748773 0.717431 1.10928 1.62376 0.935585 1.13312
1.16339 0.952821 1.3012 0.876361 1.20453 1.22994 1.19037 1.12456 0.784251 0.866321
0.975187 0.975505 0.790462 0.849782 1.35195 0.931211 0.957182 1.01933 1.17616 1.36201
1.23408 2.02903 1.12652 0.996772 0.670515 0.852725 1.06306 0.592119 1.28324 1.31016
1.27833 0.990451 0.854635 1.55588 1.13995 1.43731 1.43983 0.832326 0.885146 1.18017
0.80505 0.982151 1.06259 0.627868 0.953281 1.34476 0.703582 0.921105 1.17341 1.09131
1.15216 1.47841 1.14272 1.1231 1.08453 1.27388 1.04341 0.995839 1.59585 0.726849
0.991225 0.810946 1.38467 0.665125 1.82337 1.3534 0.952415 1.36432 1.37207 0.881931
0.850051 1.21736 1.26576 0.958538 0.684686 0.91375 0.872105 0.830726 0.911005 1.43029
0.882051 1.0412 0.952964 0.884262 0.862186 0.893564 0.876131 0.710577 0.883988 0.740757
0.998459 0.750196 1.07628 1.3036 1.32628 0.955929 1.4 1.07361 1.15601 1.20899
1.21285 1.23623 0.681164 0.750945 1.33527 1.01465 0.900097 0.976265 0.974754 0.829727
0.702285 0.965734 0.585924 0.63751 0.842517 0.997043 0.974466 0.951918 0.90546 0.685846
1.33166 0.511462 0.800533 0.972579 1.12052 1.38463 1.21337 0.864856 0.730674 0.648292
0.832612 1.35982 1.80401 0.559207 1.0597 1.08494 1.20194 1.01214 1.07843 1.0136
1.30429 0.948302 0.675537 0.822341 0.898213 1.26521 0.949008 0.800056 0.917643 1.76563
1.27314 1.3458 1.04997 1.78581 0.762601 1.45428 1.57244 1.30334 1.38531 0.849528
1.13503 1.80257 1.13818 1.26015 1.82129 1.6722 1.51821 1.14066 1.32588 0.732656
1.12811 1.06963 0.617293 1.33482 1.62482 0.735035 0.816916 0.805962 1.46368 1.49311
1.62342 0.887867 1.97791 1.53753 1.17485 1.0983 0.644012 0.75689 1.00276 1.19018
0.986616 1.07493 1.19639 0.721462 1.0218 1.23426 1.52932 1.17551 1.19271 1.74205
1.02763 1.14612 1.81487 1.55265 1.62997 1.54864 1.47363 1.90557 1.71226 1.68495
1.45462 1.21778 1.23499 0.85069 0.75686 1.25757 1.23703 1.03722 1.66364 1.42591
1.5492 0.997981 1.21817 1.461 0.788052 1.02192 1.12092 1.42556 0.603105 1.21629
0.834965 1.0948 1.36535 1.14609 1.02988 1.27618 0.894072 1.04545 1.11552 0.939804
0.910953 0.868855 0.774521 0.872841 0.998144 0.76967 1.04249 1.7023 1.21224 1.75775
1.40313 1.55596 1.49627 1.34218 1.31369 0.961648 1.55154 1.09758 1.45657 1.03763
1.39624 1.02847 1.24636 0.903548 1.18194 1.50147 1.28981 0.823261 0.516538 0.733747
0.946766 1.36765 1.3566 1.45523 1.26753 0.660774 0.751899 0.567384 1.13973 0.727386
1.03121 0.777396 0.80747 1.31114 1.58829 1.20671 1.18388 1.13511 0.532145 0.567175
1.15114 1.0565 1.42982 0.849208 0.936004 0.845169 1.13735 0.791374 1.36141 1.29757
1.05741 1.02593 0.978933 0.937931 0.645658 1.26263 0.888759 0.926685 1.20997 0.612919
0.861571 0.867241 0.792324 0.936331 0.810644 0.916117 1.49846 1.2208 0.905244 1.42413
0.905895 1.17845 1.01725 1.28813 0.581284 1.37968 1.74079 1.03086 0.773075 1.23684
1.86859 1.0075 1.01991 0.647881 0.833471 1.17888 0.489408 1.416 0.682626 1.07779
0.770495 0.871015 0.927046 1.55515 1.16741 0.959742 1.09864 0.958977 0.919781 0.755279
0.86034 0.924364 0.982741 0.802777 1.27014 1.23168 0.846969 1.28536 1.36789 0.829581
0.840065 0.969188 1.03082 1.15471 0.855333 0.80809 0.656946 0.959212 0.734149 0.689225
0.969019 0.879718 0.750809 0.787098 0.668371 0.728535 0.749603 0.57394 0.792334 0.663962
1.34788 0.948665 0.84981 0.764265 1.00366 0.821899 0.738185 0.623061 0.896498 1.02382
0.873618 0.779905 1.00722 0.842672 0.530737 0.877112 0.936373 1.07378 0.948409 1.22162
1.35132 1.45872 1.07964 1.66678 0.744417 1.00876 1.11829 1.00681 0.891828 1.10328
1.64314 0.600528 1.16238 0.873466 1.22398 1.143 1.28273 0.895358 0.76349 1.35011
1.6467 1.41318 1.03711 0.856576 1.15792 1.17052 0.659793 0.834753 1.13928 1.06162
1.10534 1.06666 1.02856 1.05318 1.10197 1.16815 1.04959 0.601961 1.11009 0.88513
1.0919 0.770878 0.757036 1.01237 0.833005 1.19616 1.22015 1.18 1.20775 1.09826
1.02416 0.860082 0.914597 1.30077 0.641128 1.26097 1.32526 1.15151 1.26907 1.1634
1.47041 1.02016 1.04861 0.571197 0.805076 1.08778 0.578971 1.15189 0.885406 1.12776
0.977154 0.757061 0.999324 0.760894 0.828661 1.69464 1.42805 1.01111 0.686386 0.863811
0.920129 1.18162 1.25036 0.920523 0.658327 0.915177 1.33579 0.825483 1.25385 1.00653
1.65679 1.15383 1.08096 0.895351 1.3873 0.964187 0.91729 0.66492 0.78866 0.934828
0.859636 1.01424 1.06594 0.909204 0.6722 0.645794 1.23232 1.04608 0.631727 0.890097
1.16785 1.60189 0.684809 1.08236 0.939167 1.03736 0.884912 1.87372 0.783122 0.789151
0.753279 0.781875 0.813575 1.02228 0.658578 0.833482 0.731803 1.55708 0.802351 0.939132
1.32884 0.952904 0.87738 1.11132 1.20287 0.930479 0.552699 0.761227 0.906983 0.697608
0.83811 0.67111 0.987226 0.866931 0.640636 0.901038 0.761392 0.930536 0.684392 0.822362
0.969544 0.970958 0.778117 0.84246 1.00913 1.29511 0.925317 1.13287 0.968931 1.02697
1.01762 1.00104 0.966945 0.957318 0.852193 0.797095 0.953445 1.25336 0.747699 0.760329
0.759231 0.73458 1.18668 1.13962 0.743781 1.07292 1.25897 0.73514 0.915445 0.910403
1.19709 1.0805 0.777696 1.30069 1.07972 1.10296 0.69363 1.08219 1.3777 0.802702
0.556143 0.773819 0.97394 0.695179 1.27482 1.08755 1.09831 0.695364 1.08731 1.07982
1.0213 1.57235 0.710781 1.05264 1.1758 1.19054 0.931198 0.703951 0.956567 0.92572
1.14856 0.841686 1.40472 1.21133 0.862628 1.17228 0.485431 0.579805 0.759219 0.766872
0.941178 1.0751 0.582222 0.88869 0.755211 1.04689 0.673122 0.990342 0.654846 0.77709
1.25544 0.894121 0.599038 1.18731 0.909666 0.816189 0.783941 0.599873 1.17052 1.05749
1.14584 0.662902 1.0522 0.92885 1.12121 0.861177 0.933122 1.03779 1.12981 0.610845
0.836728 0.721536 0.898297 0.833405 1.11799 0.918282 1.01624 0.846356 1.19962 1.23263
0.932506 1.28688 0.766656 1.14069 0.910561 0.947499 0.667124 1.018 0.934419 1.06304
0.772371 1.04494 0.683295 0.539598 1.54133 0.854597 1.16337 1.09712 0.777918 0.865117
0.573689 1.08794 0.635513 0.592907 0.684922 0.704911 0.653443 0.841555 0.766576 0.753974
0.805552 0.775518 0.803193 1.15493 1.05318 0.91676 0.927086 0.728685 0.867104 0.997699
1.24547 1.61546 1.01189 0.894486 0.661722 0.971659 0.900971 1.05026 0.925962 0.955579
1.00185 0.675634 0.725597 0.729427 0.873795 1.50665 0.626611 0.848384 0.556817 0.81758
1.40115 0.619796 0.789217 0.721963 0.748108 0.830393 1.07774 0.963552 0.670434 0.730289
1.39959 0.742569 0.577644 0.719627 1.02547 0.957986 1.07197 0.870111 0.876672 0.768022
0.731137 1.12992 0.854781 0.647073 1.3759 0.685011 0.684395 0.572364 1.29612 0.746299
1.05976 1.44576 0.829708 0.987539 1.02842 0.844513 1.33973 1.07987 1.15156 0.988554
1.00595 1.51275 1.03623 1.39285 1.88347 1.50378 0.908895 0.881366 1.05506 0.899599
0.974754 1.46117 0.952931 1.18599 0.900733 1.12184 0.800164 0.91085 1.02653 0.887296
1.1557 0.877991 0.988676 0.830401 0.892 0.706707 1.15487 0.885582 0.659932 0.810411
1.05879 0.68624 1.01751 1.0538 0.684814 0.770119 1.12724 0.893324 0.955631 0.750405
1.20187 0.848804 1.42772 1.13372 0.788576 0.769284 0.520233 0.811604 0.949593 0.760146
1.34454 0.934371 1.15012 1.13184 0.815963 0.97051 1.36 0.883661 1.07887 1.03759
1.29098 0.536869 0.804813 1.02109 0.6768 0.842408 1.15433 0.790159 1.06146 1.11385
1.42546 1.09735 0.88408 1.41081 0.810118 0.844184 1.74836 1.15239 0.932434 0.559426
1.03441 1.04939 1.07924 0.762408 0.872773 1.0986 0.667652 0.773601 0.835605 0.687409
1.09618 0.896353 0.841727 0.810669 0.473708 0.88326 0.674858 0.545878 0.625437 0.763785
0.841043 0.864024 0.74498 0.858512 1.34595 1.4602 1.94646 1.23595 0.917755 1.34702
1.17916 1.7285 0.694069 0.813861 1.27392 1.02429 1.08695 1.19977 1.09448 0.890498
0.851716 1.12048 1.01745 1.19695 1.28665 0.929658 1.34189 1.15526 1.06536 1.26892
1.07083 1.57629 0.761284 0.774628 1.20304 1.17862 1.38237 1.41932 1.08913 1.05624
1.06584 0.880184 1.08207 1.62296 1.5539 1.38292 0.896592 1.00763 1.12817 0.866023
1.16787 1.25763 1.48566 1.21567 0.787953 0.777899 0.909694 1.02109 1.24754 0.800483
0.824528 1.07206 1.12996 0.846213 1.02115 0.651034 1.11945 0.686063 0.703647 0.652281
1.04136 0.746769 0.874604 0.667038 0.713529 1.04359 1.02542 1.12798 0.794038 0.657588
0.933056 0.860078 0.83658 0.916006 1.09113 0.922026 0.958922 1.06954 0.794327 0.941073
0.736332 1.34635 1.0386 1.26034 0.992103 0.918049 0.996047 1.55455 1.21692 0.955339
0.584329 0.848576 0.760697 0.889886 0.886687 0.626835 0.822026 0.856944 1.25895 0.653252
0.855819 1.19934 1.99948 1.37745 0.947952 1.45797 1.02253 1.26156 1.14628 1.07842
0.82495 1.13282 1.6758 0.701141 1.39177 1.07715 1.10863 1.14712 1.26782 1.04196
0.835019 0.825565 0.803215 1.23251 0.694745 1.15783 0.725046 1.08768 0.829342 1.40161
1.13211 0.91633 1.55891 0.902544 0.77318 0.822496 1.20871 0.708144 0.808339 1.01346
0.986972 1.35762 1.35592 0.784886 1.14182 1.12899 0.952621 1.03881 1.12488 0.910441
0.488572 1.12456 1.22808 1.22035 0.937165 0.9879 1.60002 1.12218 0.964067 1.09352
0.772745 0.78804 0.81633 1.42359 1.00799 0.940347 0.778472 0.770866 0.842536 0.688689
0.877024 0.981152 1.03611 0.849048 0.780725 0.903072 1.2141 0.755521 0.879186 0.518891
0.529656 0.644584 0.941466 0.907578 0.859877 0.955217 0.740573 1.09231 0.842208 1.32616
0.826239 0.852764 0.757329 1.10985 0.987777 1.18664 1.63943 1.04312 0.889719 1.15322
1.18888 1.35755 1.0851 0.974649 0.98728 1.05541 0.881516 0.855345 0.819689 0.970014
0.880556 0.882266 0.569434 1.23903 0.668528 1.09817 1.06454 0.771635 0.977835 1.06066
0.848723 0.894317 0.681946 1.39348 1.29487 1.13405 1.17327 1.36594 1.24973 1.19502
0.831809 0.966107 0.53167 0.902395 1.17892 0.854323 0.97486 1.21632 0.563556 0.530078
0.943043 0.768657 0.97704 0.585032 1.21423 1.07813 1.66354 1.39766 1.36358 1.0402
0.826329 0.499254 0.685048 0.759484 0.838773 1.33728 1.10865 1.20717 0.991134 0.589813
1.26995 0.677831 1.36902 0.969092 1.29673 1.42104 1.08588 0.940279 0.877416 1.11259
1.18247 1.19995 0.711835 1.04907 0.646061 1.19232 0.90771 1.19996 1.0996 0.915244
1.27865 0.94665 0.87766 0.698818 0.77037 0.843875 1.01067 0.96889 0.975912 0.721372
1.22123 0.96825 1.26959 0.798478 0.736941 0.805127 0.937005 1.25455 0.636756 0.77574
0.760343 0.842308 0.716282 0.769273 0.723577 0.964448 0.677749 0.655309 1.40852 0.818657
1.13377 0.877747 0.938315 0.893722 0.724532 1.11527 0.687827 0.581772 0.710602 0.656517
1.01601 0.731883 0.851049 0.786503 1.50196 1.04959 0.839462 0.798175 0.985752 0.841105
1.03592 0.891513 0.902786 1.27908 0.946307 0.946467 1.28541 1.11361 1.25765 1.78793
1.13134 1.12874 0.899747 0.888535 1.24908 0.710892 0.620838 0.751374 0.927496 1.51975
0.838593 0.566122 0.574416 0.934785 1.04407 1.03382 0.893314 1.11642 1.07609 0.773359
1.1427 0.983766 0.73412 1.05457 1.04379 1.23092 1.14911 0.742723 0.708128 1.13931
1.14077 0.963487 1.09658 1.06354 0.929378 0.977733 1.43212 0.694209 1.18907 0.765618
0.942079 1.19915 1.59842 0.94091 0.907344 0.90594 0.978048 1.33286 1.43026 0.979379
0.926298 1.14804 1.26842 1.16481 0.958455 1.29841 1.26081 0.914829 0.957312 0.559439
1.2329 0.968433 0.894901 1.06384 0.841129 0.856387 0.923961 0.898105 0.937123 0.604551
1.47122 0.897087 1.35484 1.03266 1.15586 0.865364 1.20335 0.51278 1.02789 0.965261
0.483219 0.763056 0.796423 0.770618 1.22675 0.62195 0.704923 0.702179 0.885971 0.847145
0.862344 0.725687 0.655926 0.694719 0.548268 0.959238 0.797772 0.749728 1.38854 1.21534
1.00044 1.06156 1.22673 1.20727 0.801089 1.04228 0.615147 0.997622 1.24246 0.658613
1.65935 1.23217 0.966028 1.35559 1.33847 1.77088 1.11477 1.2228 1.82572 1.76045
1.66976 1.36576 1.06397 1.80963 1.14941 0.799532 1.44648 1.02914 0.870792 1.75237
1.73614 1.34358 1.32651 1.48678 1.22254 1.09635 1.09047 1.24668 1.09151 0.952719
1.19789 1.23411 1.10857 1.40576 1.58888 1.03086 0.632007 0.874543 1.06023 0.907721
1.36757 1.06801 1.17354 1.46052 0.894457 1.26717 1.27084 0.791477 1.12082 0.978286
1.76788 1.34295 1.27981 0.837225 1.37618 1.00275 1.12338 1.10331 0.928456 1.01147
1.35136 1.42107 1.27762 1.65856 1.38975 1.07988 0.799418 1.47669 0.944789 0.948647
0.940847 1.23197 0.867127 1.08296 0.867568 0.81207 0.911023 0.688525 1.17403 1.22281
0.675616 1.20713 1.3268 1.15271 0.955871 0.759873 0.860932 0.804972 1.60039 0.803125
1.12435 1.15357 1.04565 1.07708 1.31281 0.700758 1.03804 0.769101 1.26278 1.26912
0.625604 1.84931 0.855476 0.933157 0.82887 1.25179 1.20815 0.782386 1.76548 1.21834
0.848072 1.12312 1.23906 1.03246 1.07792 0.781324 0.875644 0.768187 0.870199 1.00369
1.08567 0.76577 0.883619 0.842813 1.3767 1.27852 1.56673 0.676519 0.937639 0.743131
0.560562 0.772028 0.939899 1.08258 1.44766 1.33609 1.55677 1.33266 1.06534 1.44529
0.805352 0.948362 1.004 1.51884 1.00506 1.31615 1.08774 0.659109 0.692091 1.49464
1.01348 0.44882 0.91574 0.910335 0.656351 1.29432 1.12705 1.05393 1.19854 1.14573
1.14814 0.968366 1.52002 1.15086 0.844816 1.29293 1.00732 0.827547 1.22057 0.721251
0.931189 0.532588 1.17544 1.18148 1.27861 1.3278 1.35892 0.604977 1.21863 0.839819
0.716184 0.997011 1.13827 1.20749 1.00422 0.821345 0.851598 1.30938 1.14377 0.818297
0.694368 1.03256 1.13946 1.14107 0.755353 1.51717 0.696847 1.5236 1.26718 1.22002
1.35329 1.06648 0.663717 0.713354 1.00516 0.730406 0.892475 0.702745 1.0649 0.651936
0.784088 1.05185 1.3433 1.13661 0.848012 0.908496 1.08301 0.92128 0.817009 1.07442
1.22282 1.01465 0.786551 0.609025 1.1896 1.16901 0.673928 1.44374 1.22732 1.1908
1.10572 1.7394 0.989653 0.893182 1.47134 1.34231 1.25228 1.15324 0.823528 1.53907
0.632103 0.818552 0.838914 0.828285 1.10352 0.651682 0.802671 0.620974 1.00287 1.2026
0.826154 0.811344 0.662273 0.58884 0.984262 1.3346 0.878292 1.35984 0.450557 0.801591
1.05673 0.833104 1.01929 0.984665 0.944402 0.927555 0.46532 0.689147 0.852771 0.755978
0.936325 0.675401 0.454518 0.828288 0.964915 1.10153 0.947675 1.13302 1.17799 1.07445
1.07582 0.676243 1.03989 0.906732 0.722048 0.834093 0.672223 0.806352 0.648965 0.982233
0.984067 0.916396 0.876979 0.748525 1.24148 0.87018 1.05007 0.582876 0.835232 0.809201
0.924933 0.888659 0.893603 0.905954 0.910116 0.996098 0.74551 0.67193 0.825424 1.51484
0.761253 1.11602 0.842111 1.32911 0.762692 0.936994 0.932436 0.93648 1.1256 1.05526
0.810559 1.01625 
>noiseOffset:
>observedSynthesisNoise:
>std_NoiseOffset:
>mutation_prior_mean:
***
0 0 0 0 0 0 0 0 0 0
0 0 0 0 0 0 0 0 0 0
0 0 0 0 0 0 0 0 0 0
0 0 0 0 0 0 0 0 0 0
>mutation_prior_sd:
***
0.35 0.35 0.35 0.35 0.35 0.35 0.35 0.35 0.35 0.35
0.35 0.35 0.35 0.35 0.35 0.35 0.35 0.35 0.35 0.35
0.35 0.35 0.35 0.35 0.35 0.35 0.35 0.35 0.35 0.35
0.35 0.35 0.35 0.35 0.35 0.35 0.35 0.35 0.35 0.35
>std_csp:
0.0205195 0.0205195 0.0205195 0.412782 0.243469 0.514559 0.112717 0.0554027 0.0554027 0.0554027
0.547805 0.061271 0.061271 0.323109 0.0217852 0.0217852 0.0217852 0.0217852 0.0217852 0.365203
0.0510591 0.0510591 0.0510591 0.330226 0.0196987 0.0196987 0.0196987 0.0196987 0.0196987 0.0664833
0.0664833 0.0664833 0.0461689 0.0461689 0.0461689 0.0340394 0.0340394 0.0340394 0.122306 0.558332
>currentMutationParameter:
***
0.38766 0.651915 0.609432 0.376892 1.23651 -0.69857 0.793106 -0.418974 1.14596 0.325768
0.251825 0.1074 0.398265 -0.63827 1.44554 0.509506 0.0508885 -0.120651 0.640461 0.247292
0.207006 0.723366 0.750209 -0.191531 -1.36957 -0.689984 -0.0972961 0.69756 0.606996 0.569318
0.950418 0.674816 -0.023148 0.267655 0.246039 0.676361 1.32716 0.223556 0.273843 0.697985
>currentSelectionParameter:
***
-0.407245 -0.667802 -0.70433 -0.0330654 -0.971215 0.167739 -1.43875 -0.0704971 -0.249537 0.453593
-1.03619 -0.892107 -1.25717 0.424712 0.199087 -1.5545 -0.812308 -0.587892 1.02895 -1.18799
-0.18401 -0.84881 -0.790273 1.49523 -0.993584 -1.07051 0.0623884 -0.4977 -0.175388 0.0168188
-0.952325 -0.272179 -0.524941 -0.808873 -0.818125 0.400774 -0.805803 -0.461492 -1.33952 -0.858222
>covarianceMatrix:
A
0.000655791	0.000368535	-6.64675e-06	-0.000561671	-0.000254958	-3.00039e-05	
0.000368535	0.000565576	8.01034e-05	-0.000314109	-0.000406967	-9.48162e-05	
-6.64675e-06	8.01034e-05	0.000265602	2.27067e-05	-3.70726e-05	-0.000135905	
-0.000561671	-0.000314109	2.27067e-05	0.000553407	0.00023516	4.32232e-05	
-0.000254958	-0.000406967	-3.70726e-05	0.00023516	0.000375887	8.58337e-05	
-3.00039e-05	-9.48162e-05	-0.000135905	4.32232e-05	8.58337e-05	0.000128305	
***
>covarianceMatrix:
C
0.00952183	-0.00262081	
-0.00262081	0.00850397	
***
>covarianceMatrix:
D
0.0019813	-0.00131187	
-0.00131187	0.0018052	
***
>covarianceMatrix:
E
0.00111662	-0.00083961	
-0.00083961	0.000940231	
***
>covarianceMatrix:
F
0.00237258	-0.00185536	
-0.00185536	0.00189036	
***
>covarianceMatrix:
G
0.000333063	-5.68093e-05	0.000194238	-0.000220468	8.42696e-05	-0.000156742	
-5.68093e-05	0.000603403	5.532e-05	8.22937e-05	-0.000361356	4.6945e-05	
0.000194238	5.532e-05	0.000442891	-0.000150423	-4.02746e-05	-0.000273266	
-0.000220468	8.22937e-05	-0.000150423	0.000257131	-4.96992e-05	0.000145734	
8.42696e-05	-0.000361356	-4.02746e-05	-4.96992e-05	0.000411295	-1.82773e-05	
-0.000156742	4.6945e-05	-0.000273266	0.000145734	-1.82773e-05	0.000281848	
***
>covarianceMatrix:
H
0.00680954	-0.00311096	
-0.00311096	0.00599057	
***
>covarianceMatrix:
I
0.000721512	0.000179705	-0.000579132	-0.000113502	
0.000179705	0.00030063	-9.86495e-05	-0.000171293	
-0.000579132	-9.86495e-05	0.000618394	0.000131124	
-0.000113502	-0.000171293	0.000131124	0.00017241	
***
>covarianceMatrix:
K
0.0014092	-0.00101641	
-0.00101641	0.0012763	
***
>covarianceMatrix:
L
0.000289341	-5.94082e-05	1.80199e-05	-2.28714e-05	0.000275168	-0.000170642	3.90202e-06	-5.63894e-06	2.89657e-05	6.02927e-05	
-5.94082e-05	0.000201152	6.48733e-05	4.93402e-05	-9.82544e-05	1.6637e-05	-0.000105417	-3.67025e-05	-9.9906e-06	-2.91772e-05	
1.80199e-05	6.48733e-05	0.000138997	2.68767e-05	1.33955e-05	-4.32881e-05	-3.28787e-05	-4.9285e-05	2.78667e-06	4.91642e-05	
-2.28714e-05	4.93402e-05	2.68767e-05	0.000134858	-1.91344e-05	7.10505e-05	9.94285e-06	1.02786e-05	-5.47451e-05	-8.97231e-08	
0.000275168	-9.82544e-05	1.33955e-05	-1.91344e-05	0.000546522	-0.000272617	5.10634e-05	1.55116e-05	5.97294e-05	9.52972e-05	
-0.000170642	1.6637e-05	-4.32881e-05	7.10505e-05	-0.000272617	0.000297642	3.63816e-05	3.89913e-05	-5.91689e-05	-5.15089e-05	
3.90202e-06	-0.000105417	-3.28787e-05	9.94285e-06	5.10634e-05	3.63816e-05	0.000137285	5.22351e-05	-1.83794e-05	3.37802e-05	
-5.63894e-06	-3.67025e-05	-4.9285e-05	1.02786e-05	1.55116e-05	3.89913e-05	5.22351e-05	6.84354e-05	-6.90346e-06	7.94627e-06	
2.89657e-05	-9.9906e-06	2.78667e-06	-5.47451e-05	5.97294e-05	-5.91689e-05	-1.83794e-05	-6.90346e-06	4.75004e-05	-1.03452e-06	
6.02927e-05	-2.91772e-05	4.91642e-05	-8.97231e-08	9.52972e-05	-5.15089e-05	3.37802e-05	7.94627e-06	-1.03452e-06	0.000111494	
***
>covarianceMatrix:
N
0.00422586	-0.00285663	
-0.00285663	0.00432679	
***
>covarianceMatrix:
P
0.00121324	0.000119178	0.000324341	-0.000851522	-5.75903e-05	-0.000256842	
0.000119178	0.000583624	0.000168248	8.2463e-05	-0.000251072	1.12342e-05	
0.000324341	0.000168248	0.000389173	-0.000192562	-2.78269e-05	-0.000171764	
-0.000851522	8.2463e-05	-0.000192562	0.000958979	6.40006e-05	0.000270127	
-5.75903e-05	-0.000251072	-2.78269e-05	6.40006e-05	0.000239033	5.25438e-05	
-0.000256842	1.12342e-05	-0.000171764	0.000270127	5.25438e-05	0.000241852	
***
>covarianceMatrix:
Q
0.00712921	-0.00365478	
-0.00365478	0.00672441	
***
>covarianceMatrix:
R
0.000293024	0.000192039	0.000153563	0.000280719	4.53908e-05	-6.75634e-05	-3.69603e-06	2.59856e-05	-4.13676e-05	5.52842e-05	
0.000192039	0.000462531	0.000142558	0.000294032	0.000158914	6.78308e-05	-0.00012927	2.69436e-05	-0.000123767	-3.28723e-05	
0.000153563	0.000142558	0.000477465	0.000114142	0.000144638	-7.72088e-05	-2.66154e-05	-0.000217643	-3.6483e-05	-1.75727e-05	
0.000280719	0.000294032	0.000114142	0.000508953	5.37141e-05	-3.02856e-05	-6.97299e-05	7.33237e-05	-0.000151133	8.94217e-05	
4.53908e-05	0.000158914	0.000144638	5.37141e-05	0.000280695	5.45639e-05	-4.07113e-05	-1.84436e-05	-8.30064e-05	-4.15682e-05	
-6.75634e-05	6.78308e-05	-7.72088e-05	-3.02856e-05	5.45639e-05	0.000133368	-9.14809e-06	5.46484e-05	6.63988e-06	-2.0201e-05	
