>groupList:
A C D E F G H I K L
N P Q R S T V Y Z 
>stdDevSynthesisRate:
0.328445 1.5 
>numParam:
40
>numMixtures:
2
>std_stdDevSynthesisRate:
0.0894315
>std_phi:
***
0.223915 0.958253 0.768659 0.700186 0.665105 0.935191 0.719378 1.02665 0.568535 0.778079
0.935191 0.831381 0.923869 0.665105 0.710668 0.831381 0.759353 0.491942 0.960824 0.960824
0.710668 0.691709 1.21575 0.768659 0.923869 0.899222 0.768659 0.888335 1.02665 0.647362
0.511619 0.768659 0.999257 0.960824 0.748153 0.553367 0.691709 0.935191 1.05196 0.525642
0.999257 0.960824 0.739095 0.614927 0.691709 0.710668 1.12403 0.987159 0.454828 0.854169
0.899222 0.748153 0.336411 0.639524 0.639524 0.545206 0.960824 0.538605 0.923869 0.799405
1.0808 0.568535 0.460402 0.639524 0.568535 0.899222 0.888335 0.854169 0.831381 0.960824
0.691709 0.799405 0.821316 1.11042 0.591276 0.639524 0.568535 1.05478 0.568535 1.0808
0.809202 0.768659 0.473021 0.532084 0.607482 0.691709 0.710668 0.821316 0.467294 0.888335
0.960824 0.639524 0.831381 0.809202 0.87758 0.960824 0.912684 0.383054 0.739095 0.349867
0.888335 0.778079 0.388789 0.799405 0.368321 0.665105 0.525642 0.591276 0.768659 0.831381
0.614927 0.691709 0.478818 0.710668 0.888335 0.437334 0.710668 0.657053 0.525642 0.491942
0.683335 0.665105 0.702064 0.719378 0.778079 0.683335 0.710668 0.467294 0.759353 0.505425
0.691709 0.665105 0.673256 0.388789 0.799405 0.710668 0.598522 0.888335 0.831381 0.923869
0.768659 0.960824 0.864637 0.972599 0.614927 0.383054 0.84157 0.799405 0.657053 0.553367
0.40434 0.491942 0.739095 0.409295 1.03923 0.614927 0.665105 0.821316 0.525642 0.639524
0.665105 0.987159 0.420514 0.710668 0.409295 0.505425 0.768659 0.442694 0.331449 0.665105
0.999257 0.748153 0.460402 0.935191 0.999257 0.546668 0.584118 0.759353 0.960824 0.363862
0.789727 0.799405 0.639524 0.739095 0.622463 0.538605 0.864637 0.809202 0.923869 0.899222
0.442694 0.799405 0.657053 0.568535 0.864637 0.799405 0.730147 0.437334 0.639524 0.519278
0.491942 0.864637 1.0808 1.02665 0.467294 0.460402 0.799405 0.739095 0.809202 0.683335
0.809202 0.799405 1.02665 0.864637 0.491942 0.875233 0.710668 0.591276 0.568535 1.09404
0.999257 0.591276 0.799405 0.949191 0.614927 0.854169 0.657053 1.15484 1.15484 0.899222
0.987159 0.437334 0.345632 0.999257 0.691709 0.831381 0.799405 0.517889 0.768659 0.84157
0.591276 0.748153 0.999257 0.702064 0.691709 0.831381 0.665105 0.899222 0.821316 0.631782
0.491942 0.719378 0.799405 0.525642 0.87758 0.478818 1.29903 0.491942 0.546668 1.33464
0.972599 0.768659 0.799405 0.899222 0.425667 0.491942 0.673256 0.497971 0.768659 0.821316
0.923869 0.673256 0.831381 0.485986 0.393553 0.553367 0.532084 0.923869 0.473021 0.299068
1.03923 1.11042 0.719378 1.11042 0.960824 0.575502 0.987159 0.607482 0.719378 0.491942
0.935191 0.864637 0.665105 0.789727 0.473021 0.639524 0.831381 0.949191 1.02665 0.854169
0.923869 0.831381 0.398376 0.437334 0.437334 0.614927 0.437334 0.373835 0.340534 0.532084
0.683335 0.485986 0.485986 0.999257 0.799405 0.591276 0.449321 0.778079 0.519278 0.532084
0.532084 0.639524 1.02665 0.449321 0.683335 0.598522 0.710668 0.239255 0.923869 0.691709
0.473021 0.525642 0.511619 0.525642 0.821316 0.442694 1.11042 0.935191 0.799405 1.12403
0.511619 0.821316 1.0808 0.546668 0.831381 0.719378 0.614927 0.378417 0.614927 0.730147
0.575502 0.336411 0.388789 0.491942 0.525642 0.665105 0.349867 0.437334 0.821316 0.768659
0.473021 0.683335 0.864637 0.799405 0.854169 0.568535 0.639524 0.657053 0.999257 0.84157
1.26438 0.349867 0.497971 0.409295 0.553367 1.31495 0.748153 1.0115 0.999257 0.999257
0.748153 1.12403 0.854169 0.491942 0.639524 0.657053 0.491942 1.03923 0.899222 1.05196
0.519278 0.442694 0.568535 0.831381 1.06771 0.935191 0.532084 0.639524 0.454828 0.923869
0.473021 0.665105 0.614927 0.460402 0.888335 0.647362 0.987159 1.0808 0.607482 1.16899
0.923869 0.789727 0.899222 0.831381 0.719378 0.899222 0.935191 0.888335 0.614927 0.575502
0.972599 0.302733 0.491942 0.363862 1.38802 0.511619 0.354155 0.546668 0.999257 0.430884
0.614927 0.960824 0.748153 0.719378 1.31495 1.0808 0.691709 0.647362 0.935191 0.647362
0.591276 0.657053 0.575502 0.363862 0.212696 0.378417 0.999257 0.739095 1.0808 0.999257
0.960824 1.21575 1.12403 0.888335 0.269129 0.575502 0.960824 0.639524 0.575502 0.647362
0.748153 0.614927 0.568535 0.665105 0.710668 0.739095 0.768659 0.575502 0.639524 0.789727
0.639524 0.748153 0.425667 0.730147 0.710668 0.639524 0.691709 0.748153 0.864637 0.799405
0.768659 0.739095 0.665105 0.591276 0.553367 0.778079 0.999257 0.935191 0.702064 0.491942
1.06771 1.02665 0.614927 0.831381 0.960824 0.728194 0.821316 0.614927 0.768659 0.575502
0.393553 0.888335 0.575502 0.546668 0.799405 0.84157 0.511619 0.768659 0.665105 0.665105
0.323472 0.864637 0.972599 0.821316 0.359457 0.665105 0.485986 0.768659 0.553367 0.665105
0.614927 0.40434 0.383054 0.739095 0.511619 0.854169 0.639524 0.799405 0.768659 0.591276
0.719378 0.582555 0.553367 0.854169 1.16899 0.568535 0.864637 0.935191 0.683335 0.888335
0.568535 0.739095 0.809202 0.553367 0.84157 0.691709 0.473021 0.673256 0.473021 0.525642
0.683335 0.519278 0.575502 0.987159 0.799405 0.349867 0.614927 0.546668 0.657053 0.614927
0.768659 0.888335 0.546668 0.864637 0.854169 0.888335 0.702064 0.622463 0.999257 0.960824
0.831381 1.03923 0.449321 0.888335 0.831381 1.11042 0.442694 0.553367 0.935191 0.614927
0.491942 0.491942 0.454828 0.388789 0.799405 0.960824 0.657053 0.799405 0.546668 0.719378
0.393553 0.710668 0.485986 0.505425 0.614927 0.460402 0.442694 0.710668 0.789727 0.584118
0.639524 0.789727 0.607482 0.553367 0.821316 0.525642 0.454828 0.598522 0.710668 0.460402
0.691709 0.363862 0.691709 0.665105 0.710668 0.517889 0.739095 0.923869 0.639524 0.768659
0.631782 0.691709 0.683335 0.748153 0.799405 0.484686 0.665105 1.38802 0.799405 0.972599
1.12403 1.0808 0.899222 1.0808 0.768659 0.960824 0.87758 0.568535 0.553367 0.899222
1.20103 0.631782 0.591276 0.864637 1.20103 0.546668 0.888335 0.639524 0.639524 0.598522
0.719378 0.665105 1.20103 0.799405 0.631782 0.960824 0.748153 0.525642 0.778079 0.768659
0.768659 0.538605 0.768659 0.683335 0.673256 0.460402 0.768659 0.864637 0.665105 0.748153
0.972599 0.888335 0.799405 0.799405 0.739095 0.647362 0.327436 0.875233 0.949191 0.923869
0.519278 0.768659 0.546668 0.454828 0.710668 0.84157 1.05196 0.511619 1.24907 0.960824
0.972599 0.84157 0.87758 0.972599 0.591276 0.809202 0.614927 0.665105 0.657053 0.831381
0.719378 1.21575 0.809202 0.799405 0.657053 1.06771 0.420514 0.568535 0.768659 1.03923
1.23395 1.29903 0.299068 0.584118 0.748153 0.854169 1.28331 1.0115 0.631782 0.821316
1.11042 1.20103 0.719378 0.960824 1.12403 0.478818 0.799405 0.454828 0.935191 1.06771
1.24907 1.29903 0.553367 0.960824 0.568535 0.899222 1.56134 1.15484 0.425667 0.491942
0.789727 1.0808 0.730147 0.799405 0.710668 0.739095 1.15484 0.831381 0.821316 0.683335
0.748153 0.665105 0.912684 0.789727 0.584118 0.591276 0.591276 1.03923 0.691709 0.923869
0.532084 0.311031 0.854169 0.639524 0.568535 0.710668 0.864637 0.799405 0.665105 0.719378
0.899222 0.719378 0.888335 0.987159 0.923869 0.491942 0.739095 0.511619 0.591276 0.719378
1.03923 0.799405 0.821316 0.789727 1.11042 0.864637 1.02665 0.999257 0.568535 1.11042
0.622463 1.12403 1.0808 0.354155 0.739095 0.888335 0.739095 0.821316 0.854169 0.768659
0.40434 0.568535 0.912684 0.614927 0.899222 0.511619 0.799405 0.757322 0.665105 0.739095
0.821316 0.799405 0.719378 1.02665 0.999257 0.311031 0.875233 0.935191 0.999257 0.999257
0.473021 0.647362 1.03923 0.864637 1.0808 0.607482 1.24907 1.15484 0.888335 0.888335
1.02665 1.12403 0.799405 0.809202 0.864637 0.854169 0.739095 0.960824 0.683335 1.15484
0.768659 0.739095 0.665105 0.923869 0.420514 0.972599 0.719378 0.673256 0.631782 0.960824
0.511619 0.491942 0.511619 0.639524 1.46124 1.0115 0.532084 0.710668 0.532084 0.831381
0.768659 0.639524 0.691709 0.639524 0.831381 0.368321 0.864637 0.639524 0.730147 0.700186
0.491942 0.420514 0.809202 0.757322 0.575502 0.875233 0.591276 0.899222 1.0808 0.639524
0.393553 0.614927 0.730147 0.614927 0.639524 1.02665 0.899222 0.575502 0.960824 0.631782
0.575502 0.923869 0.831381 0.511619 0.582555 0.778079 0.598522 0.378417 1.31495 0.673256
0.393553 0.442694 0.582555 0.511619 0.739095 0.768659 0.972599 0.719378 0.614927 0.622463
0.302733 0.43204 0.525642 0.821316 0.622463 0.546668 0.631782 0.437334 0.378417 0.525642
0.454828 0.739095 1.03923 0.491942 1.0808 0.864637 0.639524 0.639524 0.702064 0.710668
0.748153 0.546668 0.821316 0.393553 0.935191 0.831381 0.287566 0.864637 1.24907 0.831381
0.532084 0.854169 0.710668 0.923869 0.949191 0.673256 0.598522 1.02665 1.12403 0.778079
0.517889 0.923869 0.575502 0.864637 0.888335 1.0808 0.584118 0.710668 0.888335 1.03923
0.923869 0.999257 0.591276 0.960824 0.591276 0.598522 0.454828 0.505425 0.719378 0.393553
1.14085 0.639524 0.768659 0.553367 0.532084 0.607482 0.607482 0.854169 0.437334 1.11042
0.607482 0.84157 0.525642 0.87758 0.899222 0.768659 0.532084 0.393553 0.864637 0.778079
0.831381 1.03923 1.35099 0.673256 0.899222 0.639524 0.831381 0.710668 0.799405 0.778079
0.702064 0.710668 0.575502 0.665105 0.454828 0.568535 0.409295 0.639524 0.505425 1.31495
0.665105 0.525642 0.437334 0.568535 0.888335 0.935191 1.24907 0.960824 0.454828 0.639524
0.673256 0.888335 0.460402 0.864637 0.614927 0.899222 0.622463 0.748153 0.960824 1.0808
1.06771 1.06771 0.683335 0.739095 1.20103 0.799405 0.425667 0.546668 0.631782 1.03923
0.532084 0.923869 0.525642 0.657053 0.719378 0.730147 0.497971 0.683335 0.831381 0.575502
0.739095 0.864637 0.949191 0.899222 0.719378 0.768659 1.20103 0.739095 1.29903 0.473021
1.11042 1.62379 0.748153 0.739095 0.768659 0.960824 0.631782 0.864637 0.553367 0.960824
1.03923 0.875233 0.454828 0.591276 0.789727 0.899222 0.683335 0.546668 1.11042 0.748153
1.26438 0.710668 1.0808 0.831381 0.553367 0.831381 0.598522 0.622463 0.591276 0.568535
1.14085 0.799405 0.657053 0.821316 0.831381 0.719378 0.864637 0.519278 1.03923 0.373835
0.719378 0.899222 0.710668 0.561652 0.691709 1.11042 0.363862 1.12403 0.748153 1.09404
0.665105 0.546668 0.665105 0.700186 0.323472 0.568535 0.999257 0.999257 0.864637 0.591276
1.02665 1.15484 0.673256 0.999257 0.960824 0.768659 0.561652 0.854169 0.582555 1.16899
0.899222 1.03923 0.799405 0.639524 0.987159 0.710668 1.0115 0.647362 0.739095 0.972599
1.03923 0.553367 0.923869 0.639524 0.598522 0.710668 0.899222 1.35099 0.864637 0.960824
0.999257 0.739095 0.739095 0.831381 0.739095 1.23395 0.831381 0.505425 0.683335 0.437334
0.631782 1.03923 0.799405 0.665105 0.748153 0.491942 1.03923 0.622463 0.888335 0.683335
1.11042 1.15484 0.657053 1.16899 0.759353 0.710668 0.831381 0.935191 0.899222 0.768659
1.16899 0.710668 0.799405 1.0808 0.831381 0.584118 0.748153 0.864637 0.748153 0.560149
0.598522 0.511619 0.960824 0.525642 0.739095 0.631782 0.899222 0.568535 0.591276 0.899222
0.553367 0.665105 0.799405 0.912684 1.0808 0.683335 0.739095 0.888335 0.864637 0.923869
1.26438 1.20103 0.739095 0.999257 0.591276 1.03923 0.575502 0.614927 0.631782 0.425667
0.598522 0.799405 1.20103 0.864637 0.799405 0.437334 0.789727 0.614927 0.854169 0.478818
0.691709 0.999257 1.21575 1.03923 0.511619 0.665105 0.987159 0.768659 0.759353 1.12403
0.710668 1.24907 0.888335 0.888335 1.16899 1.02665 1.35099 1.15484 1.16899 1.02665
1.26438 1.24907 0.809202 1.35099 1.03923 0.987159 1.28331 0.454828 1.03923 0.960824
1.0115 0.899222 0.888335 0.831381 1.06771 0.739095 0.831381 0.719378 0.899222 0.854169
0.710668 0.831381 0.899222 0.888335 0.972599 0.491942 0.935191 0.739095 1.40503 1.21575
1.02665 0.972599 1.24907 1.15484 0.691709 0.598522 0.657053 0.935191 0.598522 0.935191
0.683335 0.657053 0.84157 0.691709 0.831381 0.420514 1.03923 0.757322 0.591276 0.899222
0.748153 1.05196 0.999257 0.378417 0.888335 0.584118 0.420514 0.532084 0.302733 0.349867
0.972599 0.473021 0.831381 0.888335 0.378417 0.710668 0.683335 0.739095 0.657053 0.710668
0.972599 1.12403 0.864637 0.639524 0.691709 1.20103 0.778079 0.622463 0.748153 0.809202
0.691709 0.511619 1.15484 0.831381 0.854169 1.03923 0.299068 0.700186 0.799405 0.665105
0.923869 0.960824 0.568535 0.598522 0.960824 0.739095 0.831381 0.972599 0.491942 0.639524
0.532084 0.532084 0.591276 0.972599 0.665105 1.15484 0.437334 0.631782 0.437334 0.935191
1.12403 0.888335 0.809202 0.923869 0.665105 0.665105 0.420514 1.03923 0.425667 0.831381
0.473021 0.778079 0.960824 0.710668 1.20103 0.864637 0.739095 0.748153 0.505425 0.710668
0.491942 0.614927 0.525642 0.960824 1.56134 0.864637 0.511619 0.999257 0.598522 0.454828
1.0115 0.478818 0.949191 0.639524 1.24907 0.960824 0.864637 0.691709 0.553367 1.03923
1.46124 0.683335 1.06771 0.999257 0.854169 0.639524 0.799405 0.622463 0.739095 0.809202
0.409295 0.739095 0.710668 0.719378 0.923869 1.35099 0.739095 0.923869 0.393553 0.809202
0.511619 0.568535 1.11042 0.295447 0.393553 0.460402 0.960824 0.665105 0.311031 0.363862
0.491942 0.480102 0.748153 0.393553 0.799405 0.710668 0.491942 0.491942 0.532084 0.388789
0.568535 0.614927 0.478818 0.409295 0.349867 0.657053 0.591276 0.437334 0.739095 0.691709
0.473021 0.467294 0.614927 0.442694 0.449321 0.899222 1.11042 0.854169 1.11042 0.614927
0.739095 0.354155 0.665105 0.373835 0.614927 0.505425 0.568535 0.409295 0.546668 0.525642
0.553367 0.388789 0.657053 1.0808 0.591276 0.691709 0.739095 0.511619 0.532084 0.511619
0.454828 0.591276 0.568535 0.710668 0.491942 0.40434 0.591276 0.923869 0.614927 0.935191
0.960824 1.20103 0.984518 0.719378 0.511619 0.665105 0.591276 0.864637 0.575502 0.388789
1.06771 0.388789 0.425667 0.591276 0.491942 0.719378 0.607482 1.21575 0.624133 0.622463
0.683335 0.349867 0.854169 0.935191 0.899222 0.831381 0.614927 1.03923 1.03923 0.831381
0.768659 0.425667 0.683335 0.591276 0.710668 0.314843 0.768659 0.739095 0.393553 0.491942
0.639524 0.999257 0.449321 1.03923 0.675062 0.935191 0.768659 0.799405 0.864637 0.505425
0.910242 0.607482 0.657053 0.683335 0.449321 0.665105 0.546668 0.639524 0.561652 0.691709
1.38802 0.591276 0.960824 0.665105 0.702064 0.532084 0.598522 0.491942 0.442694 0.553367
0.831381 0.899222 0.575502 0.454828 0.710668 0.809202 1.20103 0.831381 0.960824 0.854169
0.546668 0.683335 0.768659 0.923869 0.789727 0.575502 0.591276 0.789727 0.739095 0.831381
1.0808 1.02665 0.831381 0.831381 1.03923 0.923869 0.923869 0.710668 0.999257 0.710668
0.683335 1.0808 0.473021 0.614927 0.831381 0.584118 0.54005 0.40434 0.414311 1.0808
1.0808 0.568535 0.454828 0.821316 1.0808 0.768659 1.0808 0.409295 0.505425 1.03923
1.16899 0.987159 1.16899 0.799405 0.854169 0.639524 0.923869 0.505425 0.287566 0.491942
0.710668 0.719378 1.0808 0.899222 0.591276 0.614927 0.923869 0.935191 0.393553 0.719378
0.683335 0.960824 0.575502 0.582555 1.12403 0.987159 0.691709 0.999257 1.03923 0.935191
0.748153 0.710668 0.546668 0.960824 0.710668 0.647362 0.710668 0.739095 0.899222 0.442694
0.614927 0.598522 0.972599 0.778079 0.591276 1.03923 0.639524 0.831381 0.598522 1.0808
0.923869 0.719378 0.768659 0.888335 0.683335 0.960824 0.960824 1.05478 0.821316 0.491942
0.517889 0.960824 0.525642 1.26438 0.778079 0.409295 0.425667 0.821316 0.999257 0.899222
0.831381 0.683335 0.665105 0.665105 0.639524 0.999257 1.20103 0.960824 0.553367 1.06771
0.999257 0.657053 1.06771 0.40434 0.525642 0.575502 0.831381 0.314843 1.0808 0.409295
1.15484 1.1378 1.0808 1.06771 1.21575 0.935191 1.03923 1.56134 1.12403 0.972599
0.999257 0.987159 0.831381 0.719378 0.532084 0.864637 0.999257 1.02665 0.809202 0.960824
0.831381 1.10745 0.657053 0.614927 0.584118 0.607482 0.768659 0.591276 0.710668 1.05196
0.768659 0.999257 0.799405 0.999257 0.710668 0.799405 0.888335 0.899222 0.568535 0.598522
0.831381 1.38802 
>categories:
0 0
1 0
>mixtureAssignment:
0 0 0 0 0 0 0 0 0 0 0 0 0 0 0 1 0 0 0 0 0 0 0 0 0 0 0 0 0 0 0 0 1 0 0 0 0 0 0 0 0 0 0 0 0 1 0 0 0 0
0 0 0 0 0 0 1 0 0 0 0 0 0 0 0 1 0 0 0 0 0 0 0 0 0 0 0 0 0 0 0 0 0 1 0 0 0 0 0 0 0 0 0 0 0 0 0 0 0 0
0 0 1 0 1 0 1 0 0 1 1 0 0 1 0 0 1 0 0 0 0 0 1 0 0 0 0 1 0 1 0 0 0 0 0 0 0 0 0 0 0 0 0 0 0 0 0 1 0 0
0 0 0 0 0 0 1 0 0 1 0 0 0 0 0 0 0 0 0 0 0 0 0 0 1 0 1 0 0 0 0 0 0 0 0 0 0 0 0 0 0 1 0 0 0 1 0 0 0 0
0 0 0 0 0 0 0 0 0 0 0 0 0 0 1 0 0 0 0 0 0 1 1 1 0 0 0 0 0 0 0 0 0 0 0 0 0 1 0 0 0 0 0 0 0 0 0 0 0 0
0 0 0 0 0 0 0 0 0 0 0 0 0 0 0 0 0 0 0 0 0 0 0 0 0 1 1 0 0 0 0 0 0 0 0 0 0 1 0 0 0 0 0 0 1 0 0 0 0 0
0 1 0 0 0 0 1 0 1 0 1 0 0 1 0 0 0 1 0 1 0 0 0 0 0 0 0 0 0 0 1 0 0 0 0 0 0 0 0 0 1 1 1 0 0 0 0 0 0 0
0 0 0 0 0 0 0 0 0 0 0 1 0 0 0 0 0 0 0 0 0 0 1 0 0 0 0 0 0 0 0 0 0 0 0 0 0 0 1 0 0 0 0 0 0 0 0 0 0 0
1 1 0 0 0 0 0 0 0 0 0 0 0 0 0 0 0 0 1 0 0 0 1 0 1 0 0 1 0 0 0 0 0 1 0 0 0 0 1 0 1 0 0 0 0 0 0 0 0 0
0 1 0 0 0 0 0 0 0 0 0 0 0 0 0 0 0 0 0 0 0 0 0 0 1 0 0 0 1 1 0 0 0 0 0 0 0 0 1 0 1 0 0 0 0 1 0 0 0 0
0 0 0 0 0 0 0 1 1 0 0 0 0 0 0 0 0 0 1 0 0 0 0 0 0 0 1 1 0 0 0 0 0 0 0 0 0 1 0 0 0 0 0 1 1 0 0 0 0 0
0 0 1 0 0 0 0 0 0 0 0 0 0 0 0 0 1 0 0 0 0 0 0 0 0 0 0 0 1 0 0 0 0 0 0 0 0 0 0 0 0 0 0 0 0 0 0 0 0 0
0 0 0 0 1 1 0 0 0 0 0 0 0 0 0 0 0 0 0 0 0 0 1 0 0 0 0 0 0 0 0 0 0 0 1 1 0 1 0 0 0 0 0 0 0 0 0 1 0 1
0 0 0 1 0 0 1 0 0 0 0 0 0 0 0 0 0 0 0 0 0 0 0 0 0 0 0 0 1 0 0 0 0 0 0 0 0 1 0 0 1 0 0 0 0 0 0 0 0 0
0 0 0 1 0 0 1 0 0 0 0 0 0 0 0 0 1 0 0 0 0 0 1 1 0 0 0 0 0 0 0 0 0 0 0 0 0 0 0 0 0 0 0 0 0 0 0 0 0 1
0 0 0 0 1 0 0 0 0 0 0 0 0 0 0 0 0 1 0 0 0 0 0 0 1 1 0 0 0 0 0 0 0 0 0 1 0 1 0 1 1 0 0 0 0 0 0 1 0 0
0 0 0 1 1 0 0 0 0 0 0 0 0 1 0 0 1 1 0 0 0 0 1 0 1 1 0 0 0 0 0 1 0 0 0 0 0 0 0 0 0 0 0 0 0 1 1 0 0 0
0 0 0 0 0 1 0 0 0 0 0 0 0 0 0 0 0 0 0 0 0 0 0 0 0 0 0 0 0 0 0 1 0 0 0 0 0 0 1 0 0 0 0 0 1 1 0 0 0 0
0 0 0 1 1 0 1 0 0 0 0 0 0 0 0 0 0 1 0 0 0 0 0 0 0 0 0 0 0 0 0 0 0 0 1 1 0 0 0 0 0 0 0 0 0 0 0 1 0 0
0 0 0 0 0 0 0 0 0 0 0 0 1 0 0 0 0 0 0 0 0 0 0 1 0 0 0 0 0 0 0 0 0 0 0 0 0 0 0 0 0 0 0 0 0 0 0 0 0 0
0 0 0 0 0 0 0 0 0 1 0 0 0 0 0 0 0 0 0 1 0 0 0 0 0 0 0 0 0 0 0 0 0 0 0 0 0 0 1 0 1 0 0 0 0 1 0 0 0 0
0 0 0 0 0 0 0 0 0 0 0 1 0 0 0 0 1 1 0 0 1 0 0 0 0 0 0 0 0 0 0 0 0 1 0 0 0 0 0 0 0 0 0 0 0 0 0 0 0 0
0 0 0 0 0 0 0 0 0 0 0 0 0 0 0 0 0 0 0 0 1 1 1 0 0 0 0 0 0 0 0 0 0 0 0 1 0 0 0 0 0 0 0 0 0 0 0 0 0 0
1 0 0 0 0 0 0 0 0 0 0 0 0 0 0 0 0 0 0 0 0 0 0 0 0 1 0 0 0 0 0 0 1 0 0 0 0 1 1 0 0 0 0 0 0 0 0 0 0 0
0 1 0 0 0 0 0 0 1 1 0 0 0 0 0 0 0 0 0 0 0 0 0 1 0 0 1 0 0 1 0 0 0 0 0 0 0 0 0 0 0 0 0 0 0 0 0 0 0 0
0 0 0 0 0 0 0 1 0 0 0 0 0 0 0 0 0 0 1 0 0 0 0 0 0 0 0 0 0 0 0 1 0 0 0 0 0 0 0 1 0 0 0 0 0 0 0 0 0 0
0 0 0 0 0 0 0 0 0 0 0 0 0 0 0 0 1 0 0 0 0 0 0 1 0 0 0 0 0 0 1 0 0 0 0 0 0 1 0 0 0 0 0 0 0 0 0 0 0 1
1 0 0 0 0 0 0 0 0 0 0 0 0 0 0 0 0 0 0 0 0 0 0 0 0 0 0 0 1 0 0 0 0 0 0 1 0 0 1 0 0 0 0 1 0 0 0 0 0 1
0 0 1 1 1 1 0 0 0 0 1 0 0 0 0 0 0 0 0 0 0 0 1 0 0 0 0 1 0 0 0 0 0 0 0 0 0 1 1 0 0 0 0 0 0 0 0 0 1 0
0 0 0 0 0 0 0 0 0 0 1 0 0 0 1 1 0 0 0 0 0 0 0 0 0 1 1 0 0 0 0 0 0 0 1 1 1 0 1 1 1 1 0 0 1 0 0 0 0 0
0 0 0 0 0 1 1 0 0 0 0 0 0 0 0 0 0 0 0 0 1 0 0 0 0 0 0 0 0 0 0 0 0 0 0 0 0 1 1 0 0 1 0 0 0 1 0 0 0 0
0 0 0 1 0 0 0 1 1 0 0 0 0 0 0 0 0 1 0 0 0 1 0 0 0 0 0 0 0 0 0 1 1 0 1 1 1 1 1 0 0 0 1 0 0 0 0 0 0 0
1 0 1 0 0 1 0 0 0 0 0 0 0 0 0 0 0 0 0 0 0 0 0 0 0 1 0 0 0 0 1 0 0 0 0 0 0 0 0 0 0 0 0 0 0 1 0 0 0 0
0 0 0 0 0 0 0 0 1 0 0 1 0 0 0 1 0 1 0 1 0 0 1 1 0 0 0 0 0 0 0 0 0 0 0 0 0 0 1 0 0 0 0 0 0 0 0 0 0 1
0 0 0 0 1 0 1 1 0 0 0 0 0 0 0 0 0 0 0 0 0 0 1 0 0 0 1 0 0 0 0 0 0 0 1 0 0 0 0 0 0 0 
>numMutationCategories:
2
>numSelectionCategories:
1
>categoryProbabilities:
0.5 0.5 
>selectionIsInMixture:
***
0 1 
>mutationIsInMixture:
***
0 
***
1 
>obsPhiSets:
0
>currentSynthesisRateLevel:
***
1.02536 0.599252 0.709414 0.677139 0.665024 0.56612 0.738887 0.691046 1.00276 0.617583
0.737484 0.398927 0.680258 1.05128 1.01578 1.045 0.699463 0.792894 0.618424 0.639627
0.921945 1.00128 0.566931 0.930407 0.488317 0.580499 0.758193 0.665229 0.639037 0.810298
0.886469 0.98846 0.729085 0.972578 0.661886 0.801728 0.748384 0.857681 0.898977 0.988709
0.880875 0.553762 0.866078 0.839497 1.01058 1.13758 0.907502 0.696692 1.24944 0.64551
1.06103 0.857157 0.931397 0.519199 1.16055 1.21359 0.511838 1.2951 1.14043 0.981361
0.918401 0.849393 1.3858 0.879137 1.33757 0.454844 0.649835 0.777747 0.675337 0.608972
0.600084 0.573428 0.715424 0.700584 1.00661 0.67772 1.03558 0.73267 1.26939 0.745388
0.730932 1.01944 0.845042 0.888624 0.707701 0.567307 0.775843 0.634042 0.827431 0.763569
0.785075 0.707083 0.660572 0.467437 0.62792 0.83413 0.823142 1.55474 0.767382 0.996298
0.867733 0.779817 1.33747 0.499941 1.49158 1.29548 1.38085 0.983903 0.669724 1.03918
1.02637 0.93576 0.840626 0.963485 0.923881 0.784539 0.827496 0.931866 1.05047 1.44508
1.16428 2.15543 1.37468 0.868269 0.679426 1.07218 1.16325 0.875502 1.34495 1.36623
1.7241 0.830438 0.902195 1.7966 1.21332 1.80957 1.52846 0.685369 0.517188 0.797914
1.41588 0.70708 1.08261 0.664002 0.720199 1.45709 1.09099 1.11201 0.973823 1.04338
1.07355 1.5156 1.38616 1.19911 1.36585 1.29149 1.26117 0.815318 1.48634 1.04559
1.03987 0.700945 1.09879 0.441888 1.46446 1.39028 0.871357 1.47181 1.15155 0.92374
0.717857 0.77518 0.995251 0.87796 0.82666 0.749047 1.18613 0.882292 1.00883 1.26436
0.774209 1.21819 0.745118 0.891924 0.711092 0.869036 0.757019 0.661656 0.551358 1.02436
0.931045 0.905417 0.825447 1.46894 1.10507 0.892175 1.71624 0.900021 1.121 1.17408
1.15474 1.41374 0.833411 0.956291 1.26149 0.833421 0.60137 0.870713 0.916607 0.777082
0.903827 1.08493 0.676765 0.50814 0.778402 0.738641 0.896952 0.701071 0.988861 0.751635
1.5017 0.823842 0.731566 1.46706 0.979702 1.43197 1.12297 0.736746 0.532438 0.424392
1.19292 1.32654 1.56585 0.663423 1.37361 1.47693 0.94131 1.44675 0.93319 1.13047
1.08787 1.01998 0.802004 0.813846 0.820078 0.925712 0.879254 0.971435 0.789112 1.43228
1.1979 1.21983 1.28752 1.93931 0.556609 1.24055 0.987962 1.14673 1.86868 1.24796
1.09113 2.43978 0.734452 1.1259 2.03589 1.92247 1.50218 1.49189 1.11401 0.869068
1.1715 1.34507 0.644998 1.18493 1.42015 0.949535 0.923213 0.736388 1.35889 1.79712
2.46293 1.08808 1.38974 1.53836 1.66939 1.10332 0.418629 0.396897 0.858501 1.05811
0.65014 0.755688 0.837335 0.718791 1.46029 1.28006 1.09407 1.28742 0.942631 2.07602
0.884093 1.53985 1.71997 1.45883 1.74727 1.72127 1.79564 1.94116 1.69615 1.64356
1.5844 1.36227 1.21815 1.39356 1.04732 1.33638 1.32233 1.21661 1.71614 1.45318
1.81717 1.11059 0.697965 1.52178 0.761307 1.35608 1.31264 1.364 0.442877 0.882051
1.01647 1.19059 1.53695 1.36515 0.918752 1.31548 1.10732 0.931912 1.0482 0.732457
0.870934 0.646711 0.748309 1.06965 0.848537 0.735324 1.07462 1.49644 1.10147 1.4375
1.39407 1.7597 1.37065 1.53177 1.34615 1.33915 1.55851 1.05918 1.33691 0.746539
1.43163 1.22914 0.956274 1.01207 0.769845 1.48089 1.07364 0.982042 0.604139 0.713513
0.746931 1.64253 1.56545 1.4199 1.03613 0.94753 0.552994 0.603087 1.09601 0.735271
1.22412 0.374831 0.938115 0.975941 1.66338 1.17298 1.25771 0.702116 0.661987 0.541707
1.4527 1.32734 1.42467 0.778396 0.658428 0.909828 1.18539 0.984882 1.37506 1.03345
0.846763 1.27026 1.2804 1.02122 0.698808 1.01659 1.01955 1.14817 1.0932 0.948571
0.578617 0.686772 0.726826 0.812399 0.985051 1.01997 0.795382 1.22949 1.31775 1.34083
0.739343 1.31928 0.808769 1.18594 0.757024 0.976724 1.67619 0.856448 0.742299 1.16169
1.91041 1.07999 1.00787 0.708526 0.798067 1.14893 0.475288 1.20456 0.651447 1.18563
0.804419 1.00397 0.858931 1.77262 1.29007 1.00027 1.30254 0.763003 0.572774 0.789726
0.727073 1.54246 0.924702 0.871168 1.04194 0.904649 0.66568 1.29837 1.40648 1.00417
1.07833 1.03169 0.987723 0.827153 0.867054 0.645335 0.595689 1.00482 0.824256 0.622312
0.679347 0.702418 0.621859 0.565561 0.884816 0.547886 0.591051 0.617592 0.93122 1.06439
1.02425 0.772858 0.791547 0.683304 1.23766 0.830464 0.507824 0.473583 1.1243 1.01244
0.546909 0.652389 1.07144 1.1294 0.486472 1.0513 1.1229 0.864527 0.768703 1.20835
1.47131 1.67153 1.27656 1.26908 0.570587 0.861136 0.910523 0.900213 0.832559 1.25351
1.59058 0.861164 0.657908 0.791732 1.26917 1.48893 1.1255 0.761221 0.799 1.24969
1.45321 1.60455 0.930261 1.08156 1.53057 0.91659 0.767913 0.720669 1.15262 1.20304
0.992826 0.803859 1.14919 0.866438 0.802138 1.34588 0.908932 0.688032 1.0263 1.30701
0.808486 0.671627 0.763972 1.04504 1.10242 1.28828 1.25654 1.30763 1.37472 1.06061
0.601621 0.841586 0.90947 1.09885 0.948866 1.33361 1.19672 0.855443 1.44316 1.11902
1.18368 1.02045 1.10449 0.564666 0.795038 0.96543 0.817115 1.15211 0.64565 0.916227
0.533334 0.32495 0.943196 0.957098 0.617996 0.881498 1.37073 0.957195 0.919348 0.792796
0.986882 1.11579 1.50016 1.02798 0.606914 0.938533 0.997697 0.663481 1.37317 1.12426
1.42599 1.26188 1.14377 0.869196 1.21794 1.193 0.819092 0.646526 0.842521 1.13229
0.933642 0.685781 1.1962 1.11156 0.704574 1.07 1.2264 1.28133 0.536134 0.892313
1.09401 1.42358 0.692537 1.20644 1.11539 0.954397 1.02131 1.57772 0.613673 0.545689
0.725597 0.863569 1.03382 0.802624 0.474862 0.904476 0.749712 0.859674 0.96032 0.680891
1.22105 0.486328 0.446052 0.767501 1.60298 1.08475 0.876142 1.15038 0.852288 0.816333
0.725525 0.833009 0.926943 0.901841 0.621281 0.964661 0.915693 0.829595 0.730785 0.904867
0.596625 0.89165 0.749468 1.17394 1.0789 0.964078 0.854109 0.888045 1.05741 1.151
0.839667 0.826151 1.01186 0.751424 0.649807 0.91986 0.914083 0.914842 0.823149 0.62688
1.05276 0.583515 1.31337 0.934207 0.972161 1.04278 1.19638 0.804245 0.916013 0.548992
1.42732 0.927423 0.927119 1.31468 0.760172 1.00204 0.901803 1.02099 0.653024 0.532089
0.502159 0.625533 1.02589 0.458508 1.07568 1.32944 1.25201 0.675823 1.07337 1.2451
0.987498 1.06517 0.568782 0.930196 1.19695 0.846257 1.14163 0.703076 1.007 0.789016
0.865192 0.616697 1.43621 1.39276 0.886056 1.09517 0.478728 0.544159 0.660302 0.819514
0.919306 0.763724 0.627433 0.864769 0.862298 0.967983 0.545591 1.27233 0.783698 0.665693
0.68526 0.53825 0.687739 0.988713 0.918975 0.714987 1.07409 0.541739 1.27018 0.971061
0.947909 0.470144 1.21011 0.973781 1.16904 0.795347 0.916187 0.85932 0.973799 1.08231
0.672809 0.744048 0.930118 1.09898 1.28678 1.18713 1.17731 0.488951 0.940205 0.84483
0.970582 1.30408 0.574932 1.08999 0.74126 1.10797 0.550569 1.00767 1.06657 1.02513
0.885984 0.690593 0.499719 0.549088 1.02934 1.17603 1.1866 1.53937 0.499232 0.682828
0.539317 0.944133 0.63685 0.391395 0.852662 0.783203 0.805255 0.741296 0.650957 0.845225
0.932546 0.782722 0.552547 1.17483 0.783328 0.928011 1.04883 0.850695 0.939573 0.903707
1.34376 1.16376 0.955701 0.916211 0.934498 0.870671 0.565803 0.825619 0.981113 1.20887
1.26404 0.565772 0.985785 0.964647 1.21835 1.46916 0.791611 1.29717 0.382624 0.785732
1.2772 0.617354 0.632929 0.92761 1.22516 0.993243 0.599695 0.692929 1.07832 0.696284
1.41033 0.669161 0.570375 0.879701 0.495962 1.15237 0.925654 1.30312 0.748388 0.541777
0.826326 1.28725 0.616601 0.399571 1.36644 0.875295 0.972488 0.490298 1.21502 0.659483
0.991395 1.03849 1.20677 0.732403 0.777299 0.773821 1.1072 1.35891 1.2678 1.16105
1.16894 0.80669 1.08342 1.51919 1.55449 1.55057 0.969993 1.06255 0.9418 0.967678
1.15252 1.14504 0.706596 0.95089 0.828427 0.863234 0.708936 0.987299 0.931231 0.868453
1.27343 0.999821 1.17608 0.663674 0.968046 0.541706 1.05415 0.756112 1.028 1.09582
1.03654 0.60669 0.802766 0.964478 0.868303 0.703086 1.19276 0.868074 0.561379 0.820751
1.0894 0.955767 1.33083 1.10925 0.842449 0.808293 0.493961 0.605185 0.783853 0.654478
1.14851 1.03939 1.36578 0.852568 0.647978 0.908053 1.3288 1.11281 0.993482 1.01376
1.24521 0.437975 0.530153 1.05023 0.725702 0.514073 1.10146 0.781174 1.50145 1.1809
1.49476 1.48598 0.804414 1.54592 0.949243 1.06328 1.47222 0.981598 0.721958 0.868402
0.860585 1.1899 0.988143 0.561803 0.630131 0.847616 0.940568 0.775773 0.814613 0.572502
1.02411 0.686825 0.885008 0.747663 0.47759 0.602348 0.572606 0.620683 0.692102 0.778668
0.683748 0.652276 0.680634 1.11314 1.18742 1.27851 1.7311 1.00512 0.771098 1.60843
1.29691 1.4653 1.03082 0.588633 1.44064 0.933052 0.897458 1.10689 0.977467 0.734072
0.8087 1.00532 1.06127 1.34494 1.17436 1.27501 1.27251 1.16378 0.722687 0.838354
0.888129 1.14916 0.609118 0.981779 0.945851 1.28667 1.27261 1.20125 1.15581 0.81086
0.871059 0.621125 1.10548 1.49671 1.70234 1.27077 0.826808 1.13615 0.865114 0.650373
1.47072 1.72014 1.53157 1.32831 0.845728 1.2065 1.42362 1.1429 1.45529 0.686944
0.739039 1.07449 1.07823 0.86779 1.11488 0.579797 1.00993 0.605241 0.842833 0.731503
0.739607 0.636542 0.751385 0.51779 0.954259 0.800363 1.04014 0.77034 0.899433 0.793032
1.19836 0.868736 1.17578 0.923708 0.911271 0.825026 0.815287 1.29025 0.994274 1.08758
0.588257 1.1183 0.666482 1.08716 0.810194 0.944241 1.19457 0.753516 1.12671 0.885938
0.76902 0.838962 0.864469 0.701461 0.708841 0.422608 0.891778 0.809436 1.00246 0.651849
0.861748 1.07068 1.90188 1.29063 0.984709 1.13627 1.19568 1.23547 0.844533 0.937428
0.839937 1.18839 1.28708 0.731864 1.39829 1.08715 0.849932 0.806234 1.34676 1.19696
0.679099 0.726752 0.699572 1.22972 0.813978 1.00041 0.614939 1.04701 0.882114 1.61399
1.05772 0.776051 0.992657 0.960259 0.970256 1.46282 0.984154 0.884626 0.747453 0.925876
0.960431 1.15449 1.45713 0.504971 1.28147 1.01054 0.686198 0.479666 1.49643 0.984831
0.808203 0.706526 1.35637 1.28332 0.935791 1.16625 1.61865 1.04928 0.908675 1.09768
0.61722 0.870291 0.482087 1.5262 1.02973 1.05102 0.95776 0.686194 0.939524 0.604757
0.694427 1.22884 0.633384 0.978401 0.572667 0.908625 1.10147 1.15383 0.904682 0.541067
0.758754 0.695672 0.710504 0.823546 0.812768 0.975074 0.551987 0.628416 0.579331 1.33259
0.609377 0.849843 0.631914 0.571889 0.959684 1.03369 1.58293 1.03411 1.12101 1.34017
0.98986 0.766895 0.875232 0.708251 1.02007 0.932176 0.944866 1.10472 0.891208 0.690925
0.813033 0.646491 0.656507 1.10637 0.942534 1.05844 1.32379 0.610919 1.3771 0.769859
1.03993 0.766799 0.794237 1.07328 0.993293 1.15511 0.793951 1.36466 1.42316 1.89303
0.743482 0.639564 0.371955 0.786905 1.40373 0.766863 0.507275 1.04214 0.638419 0.771074
0.854131 0.50131 1.34463 0.539963 1.2996 0.94126 1.296 0.957887 1.0456 1.23314
1.05343 0.765898 0.696992 0.843213 0.592478 1.37471 0.82528 0.81076 0.880646 0.646141
0.994081 0.711214 1.08888 1.19298 1.25837 1.16865 0.807014 1.01384 1.04865 1.14798
0.93002 0.81123 0.694034 1.09676 0.690786 0.930999 0.471557 0.811114 0.828323 1.06978
0.978645 1.13469 1.01287 0.997651 0.826473 1.08067 0.705003 1.34706 0.826532 0.446933
0.876472 0.94848 0.980509 0.791957 0.771835 0.697601 1.00032 1.05377 0.620867 0.665471
0.753041 0.77938 0.667126 0.703996 0.541553 0.912272 0.541208 0.517639 1.06617 1.09332
0.774803 1.36878 0.443862 0.810469 0.608507 1.05852 0.631304 0.6447 0.67319 0.854236
0.846186 0.920531 0.882475 0.617043 1.25986 1.19101 0.585639 0.939802 1.13754 0.721304
0.65943 0.965568 0.930467 1.46296 1.03899 1.17179 1.22405 1.14744 1.39452 1.55239
1.33602 0.933691 0.74197 0.904411 1.36403 0.877092 1.01126 0.673957 1.35772 1.39731
0.509321 0.53838 0.389033 0.73524 1.15069 0.568639 0.990575 1.10483 1.06907 0.548132
0.778026 1.18886 0.607927 0.893075 0.905777 1.36356 1.18477 0.941214 0.582649 1.0771
1.21623 0.940393 1.11439 0.849817 0.585248 1.00314 0.687227 0.706138 0.923304 1.23996
1.57166 1.08494 1.60996 1.02599 1.11569 1.10805 0.821803 1.05267 1.41203 0.751617
0.64077 1.25802 1.01882 1.00119 0.937478 1.05311 1.24575 0.9696 0.998923 0.34209
0.989635 0.67896 1.01556 1.17479 1.38788 0.959025 0.771894 1.00313 1.27184 0.6278
1.1818 1.04604 1.23861 0.922835 1.09313 1.22548 1.16791 0.714508 0.685086 1.04617
0.474347 0.705534 0.936707 1.19274 0.607262 0.419872 0.519939 0.620286 0.834306 0.581253
0.985265 0.563107 0.786442 0.400151 0.55319 0.809854 0.687385 0.727711 0.704678 1.05261
1.18853 1.0393 1.34046 0.933486 0.747931 1.14707 0.703614 1.06283 1.17601 1.03662
1.54117 1.18974 1.16946 1.51028 1.23456 1.74325 0.855832 1.19139 1.98247 2.13772
1.51504 1.55059 1.00399 1.85867 1.75422 0.764973 1.21327 1.56317 0.942816 2.1664
1.80033 1.26494 1.00008 1.26098 1.49839 1.351 1.16195 1.48956 1.14326 0.945788
1.60755 1.19393 0.960608 1.20925 1.52826 1.62052 0.629771 0.978054 1.19565 0.960298
1.39899 0.923208 1.16145 1.82694 1.00978 1.36497 1.09171 0.84953 1.00953 1.18926
1.62373 1.5188 1.14671 0.683532 1.54496 1.01437 1.18687 1.14917 0.962895 1.14497
1.18864 1.53843 1.27664 1.64078 1.33955 1.21763 1.12445 1.15074 1.29454 1.47331
1.3102 0.865583 0.960346 1.35426 1.02383 0.869707 0.931973 0.777192 1.33484 1.19078
0.502256 1.32536 1.44743 1.22155 0.832109 0.720003 0.997417 0.879216 1.47323 0.507447
1.25217 1.24396 1.04259 0.717338 1.45272 0.681618 0.847134 0.643719 0.647143 0.858296
0.676954 1.65543 0.987116 0.805708 0.666333 1.47747 0.887575 0.772891 1.67875 1.37965
0.601495 1.15241 1.17959 0.835035 0.971007 0.8962 1.02238 0.975788 1.32971 1.17174
0.775049 0.982233 0.807091 0.690706 1.08231 1.10697 1.60758 0.411686 1.19998 0.569414
0.471199 0.762857 0.844757 0.925959 1.92692 1.64361 1.67382 1.59907 1.31544 1.27415
0.625936 1.11116 0.965274 1.2044 0.984593 1.25261 0.808311 0.687693 0.582018 1.07045
1.18166 0.536564 0.559597 0.60022 0.543147 1.09213 1.02957 0.719219 1.04458 1.11183
1.90534 0.881007 1.5217 0.724133 1.08035 1.32474 0.849857 1.05465 1.31895 1.19077
1.22923 0.610305 1.61769 1.22127 1.6491 1.24797 1.51083 1.13009 1.17576 0.78814
0.669997 1.00574 1.07973 1.35485 0.950683 0.850745 0.698173 1.51289 1.41349 0.671407
0.832848 0.648792 1.05713 1.08373 0.692325 1.48209 0.683953 1.57767 1.35602 1.45507
1.04296 0.925504 0.679909 0.834293 0.883632 0.706137 0.80226 1.13093 1.2639 0.408515
0.80003 1.30597 1.1083 1.23532 0.948007 0.896739 1.5228 1.17453 0.717904 0.844947
1.1169 0.958812 0.902027 0.669664 0.899059 1.12464 0.41999 1.01005 0.790114 1.57153
1.32895 1.59275 0.908709 1.15406 0.993829 1.67609 1.15249 0.877205 1.11024 0.980902
0.736817 1.04462 0.810162 0.9693 0.878859 0.611861 0.753218 0.624345 0.901577 1.1396
0.6188 0.844622 1.10743 0.746421 1.03377 1.12271 0.892926 0.992487 0.723323 0.998524
1.03911 0.715558 1.03498 1.13533 0.778581 0.619279 0.621164 0.5866 0.802216 0.698
0.707441 0.491451 0.52799 0.893904 0.947064 1.35957 0.655286 0.977056 0.656462 1.28077
1.21321 0.607525 0.75872 0.816257 0.999116 0.753794 0.58198 1.10392 0.734227 0.901289
0.991635 1.02859 0.503663 1.1799 1.2649 0.797469 1.07005 0.773774 0.635163 0.710637
1.16452 0.722724 1.07043 0.729158 0.720819 1.1989 0.646169 0.465885 1.16933 1.51031
0.512493 1.0304 0.752689 0.581322 0.871676 1.06159 0.691515 0.581058 0.89862 1.0522
0.48439 0.783598 
>noiseOffset:
>observedSynthesisNoise:
>std_NoiseOffset:
>mutation_prior_mean:
***
0 0 0 0 0 0 0 0 0 0
0 0 0 0 0 0 0 0 0 0
0 0 0 0 0 0 0 0 0 0
0 0 0 0 0 0 0 0 0 0
***
0 0 0 0 0 0 0 0 0 0
0 0 0 0 0 0 0 0 0 0
0 0 0 0 0 0 0 0 0 0
0 0 0 0 0 0 0 0 0 0
>mutation_prior_sd:
***
0.35 0.35 0.35 0.35 0.35 0.35 0.35 0.35 0.35 0.35
0.35 0.35 0.35 0.35 0.35 0.35 0.35 0.35 0.35 0.35
0.35 0.35 0.35 0.35 0.35 0.35 0.35 0.35 0.35 0.35
0.35 0.35 0.35 0.35 0.35 0.35 0.35 0.35 0.35 0.35
***
0.35 0.35 0.35 0.35 0.35 0.35 0.35 0.35 0.35 0.35
0.35 0.35 0.35 0.35 0.35 0.35 0.35 0.35 0.35 0.35
0.35 0.35 0.35 0.35 0.35 0.35 0.35 0.35 0.35 0.35
0.35 0.35 0.35 0.35 0.35 0.35 0.35 0.35 0.35 0.35
>std_csp:
0.0408473 0.0408473 0.0408473 0.964797 0.15582 0.357332 0.0978447 0.0392134 0.0392134 0.0392134
0.438244 0.084701 0.084701 0.186984 0.00645488 0.00645488 0.00645488 0.00645488 0.00645488 0.23373
0.0170996 0.0170996 0.0170996 0.420714 0.0121029 0.0121029 0.0121029 0.0121029 0.0121029 0.0443222
0.0443222 0.0443222 0.0313707 0.0313707 0.0313707 0.0272315 0.0272315 0.0272315 0.169076 0.420714
>currentMutationParameter:
***
0.124798 0.456394 0.271648 0.291666 0.977607 -0.719975 0.432539 -0.52526 0.934488 0.39696
0.247955 -0.357858 -0.0201053 -0.661581 1.36152 0.208747 -0.206846 -0.159551 0.615114 0.0240933
0.0989801 0.533535 0.511956 -0.139802 -1.34186 -0.607733 -0.0674262 0.823637 0.764007 0.418883
0.719458 0.608531 -0.305342 -0.0202249 0.078161 0.679578 1.16578 0.16408 -0.0274962 0.490875
***
0.470998 0.559406 0.46322 0.221771 1.20673 -0.616383 0.770539 -0.331302 1.11665 0.369321
0.231068 0.0506292 0.174106 -0.605163 1.31385 0.425771 -0.0425518 -0.339914 0.534094 0.282386
0.287669 0.636673 0.657647 -0.413736 -1.22275 -0.663349 -0.117542 1.12127 0.733126 0.622938
0.985988 0.721141 0.0392298 0.133048 0.376229 0.947202 1.41739 0.377505 0.256847 0.959242
>currentSelectionParameter:
***
-0.209258 -0.511984 -0.451832 0.0848017 -0.770608 0.191905 -1.14215 -0.0306596 -0.132946 0.339999
-1.06223 -0.475887 -0.868413 0.469734 0.36634 -1.31867 -0.607218 -0.528091 1.03472 -1.02191
-0.0775775 -0.62299 -0.55871 1.51594 -1.06243 -1.18194 0.0327217 -0.656811 -0.383382 0.106753
-0.772346 -0.215494 -0.315137 -0.573506 -0.699734 0.32268 -0.69399 -0.434407 -1.08591 -0.709028
>covarianceMatrix:
A
0.000357288	1.25527e-05	0.000129848	0.000223456	5.64626e-05	-1.76784e-05	-0.000171852	2.29751e-05	-2.53345e-05	
1.25527e-05	0.000242018	2.91489e-05	1.05379e-05	0.000112419	-2.42732e-05	3.09702e-05	-8.29009e-05	6.24869e-06	
0.000129848	2.91489e-05	0.00022972	0.00017636	5.63343e-05	7.98665e-05	-1.05999e-05	1.86832e-05	-5.42295e-05	
0.000223456	1.05379e-05	0.00017636	0.000992376	1.5257e-05	0.000383115	-9.86167e-05	-1.16253e-05	-0.000133969	
5.64626e-05	0.000112419	5.63343e-05	1.5257e-05	0.000398268	9.48672e-05	-7.26149e-05	-7.90479e-05	-2.78376e-05	
-1.76784e-05	-2.42732e-05	7.98665e-05	0.000383115	9.48672e-05	0.000458784	5.16636e-06	-3.2766e-05	-0.000104907	
-0.000171852	3.09702e-05	-1.05999e-05	-9.86167e-05	-7.26149e-05	5.16636e-06	0.000185544	-8.71044e-06	2.60073e-05	
2.29751e-05	-8.29009e-05	1.86832e-05	-1.16253e-05	-7.90479e-05	-3.2766e-05	-8.71044e-06	9.1964e-05	1.67794e-05	
-2.53345e-05	6.24869e-06	-5.42295e-05	-0.000133969	-2.78376e-05	-0.000104907	2.60073e-05	1.67794e-05	6.76703e-05	
***
>covarianceMatrix:
C
0.00867336	0.00546349	-0.00721758	
0.00546349	0.0181626	-0.00530071	
-0.00721758	-0.00530071	0.00777164	
***
>covarianceMatrix:
D
0.00140429	0.00103549	-0.000928306	
0.00103549	0.00363139	-0.000842265	
-0.000928306	-0.000842265	0.000991827	
***
>covarianceMatrix:
E
0.000602293	0.000449349	-0.000422624	
0.000449349	0.00248993	-0.000410237	
-0.000422624	-0.000410237	0.00050378	
***
>covarianceMatrix:
F
0.00104595	0.000651971	-0.000682689	
0.000651971	0.00161693	-0.000747957	
-0.000682689	-0.000747957	0.00110215	
***
>covarianceMatrix:
G
0.000287214	0.000179346	8.53824e-05	5.42041e-05	3.50697e-05	-2.79221e-05	-0.000134674	-0.000108844	7.24391e-06	
0.000179346	0.000351415	7.66236e-06	8.85028e-05	4.8501e-05	-0.000181433	-9.45522e-05	-0.000146892	2.7306e-05	
8.53824e-05	7.66236e-06	0.000265426	-2.50334e-05	-0.000115144	8.85177e-05	-7.77515e-06	6.50361e-05	-6.271e-05	
5.42041e-05	8.85028e-05	-2.50334e-05	0.000717408	0.000314346	-5.81556e-05	-5.64619e-05	-0.000129459	-9.75248e-06	
3.50697e-05	4.8501e-05	-0.000115144	0.000314346	0.000359118	-1.32407e-05	-5.58304e-05	-0.000143016	3.33606e-05	
-2.79221e-05	-0.000181433	8.85177e-05	-5.81556e-05	-1.32407e-05	0.000561281	1.00396e-05	2.79597e-05	-3.47247e-05	
-0.000134674	-9.45522e-05	-7.77515e-06	-5.64619e-05	-5.58304e-05	1.00396e-05	0.000121986	0.000123637	-1.83991e-06	
-0.000108844	-0.000146892	6.50361e-05	-0.000129459	-0.000143016	2.79597e-05	0.000123637	0.000224919	-1.46969e-05	
7.24391e-06	2.7306e-05	-6.271e-05	-9.75248e-06	3.33606e-05	-3.47247e-05	-1.83991e-06	-1.46969e-05	7.04021e-05	
***
>covarianceMatrix:
H
0.00433989	0.00179738	-0.00293675	
0.00179738	0.00714873	-0.00178997	
-0.00293675	-0.00178997	0.00495985	
***
>covarianceMatrix:
I
0.000512578	0.000241641	8.01063e-05	-0.000118741	-0.000301374	-0.000116021	
0.000241641	0.000353027	5.0565e-05	-5.75755e-05	-8.44939e-05	-0.000157061	
8.01063e-05	5.0565e-05	0.000876891	0.000261691	-4.36128e-05	2.25914e-05	
-0.000118741	-5.75755e-05	0.000261691	0.000388625	3.71847e-05	-1.67569e-05	
-0.000301374	-8.44939e-05	-4.36128e-05	3.71847e-05	0.000296116	0.000123844	
-0.000116021	-0.000157061	2.25914e-05	-1.67569e-05	0.000123844	0.000182037	
***
>covarianceMatrix:
K
0.000739757	0.000198857	-0.000542165	
0.000198857	0.00260536	-0.000308777	
-0.000542165	-0.000308777	0.000704996	
***
>covarianceMatrix:
L
0.000475805	-6.66384e-05	3.38399e-05	3.467e-05	1.23144e-05	9.13659e-05	2.08064e-05	1.8281e-05	-3.10176e-05	-0.000172206	-4.9646e-05	-7.85481e-06	-1.63539e-05	-5.81107e-06	1.38192e-05	
