>groupList:
A C D E F G H I K L
N P Q R S T V Y Z 
>stdDevSynthesisRate:
0.488885 1.5 
>numParam:
40
>numMixtures:
2
>std_stdDevSynthesisRate:
0.0679477
>std_phi:
***
0.705835 1.19286 1.49108 1.19286 0.917586 1.43373 1.24058 1.49108 0.95429 1.14698
1.86385 1.43373 1.49108 0.882294 1.14698 1.9384 1.19286 0.882294 0.95429 1.86385
1.14698 1.14698 1.79216 1.19286 1.43373 1.43373 1.49108 1.55072 1.43373 1.10287
0.917586 1.19286 1.43373 1.79216 1.43373 0.734069 1.43373 1.14698 1.79216 1.19286
1.49108 0.917586 1.43373 1.06045 0.882294 1.14698 1.86385 1.79216 0.54295 1.49108
1.43373 1.19286 0.522068 1.14698 1.19286 0.917586 1.49108 0.917586 1.9384 1.49108
1.9384 1.10287 1.14698 1.19286 1.14698 1.14698 1.19286 1.19286 1.79216 1.49108
1.10287 1.49108 1.14698 1.49108 1.10287 1.43373 1.14698 2.32981 0.705835 1.43373
1.10287 1.14698 0.882294 0.917586 1.43373 1.24058 1.10287 1.49108 1.10287 1.86385
1.49108 1.49108 1.49108 1.49108 1.43373 1.9384 1.49108 0.54295 1.19286 0.734069
1.43373 1.14698 0.734069 1.49108 0.522068 1.43373 0.917586 1.10287 1.19286 0.917586
1.14698 0.678688 0.882294 1.19286 1.14698 0.564668 1.10287 1.10287 0.705835 0.882294
1.9384 0.564668 1.19286 1.14698 1.19286 1.43373 1.10287 1.49108 1.10287 0.705835
0.917586 1.10287 1.14698 0.54295 0.705835 0.882294 0.84836 1.49108 1.37858 1.43373
1.14698 1.49108 1.43373 1.49108 1.10287 0.564668 1.79216 1.86385 1.10287 1.14698
0.678688 0.678688 1.19286 0.54295 1.86385 0.678688 0.54295 1.19286 0.705835 0.882294
1.14698 1.49108 0.84836 1.43373 0.54295 0.705835 1.14698 0.678688 0.522068 1.43373
1.49108 1.14698 0.652585 1.19286 1.43373 1.10287 1.14698 1.19286 1.55072 0.54295
1.49108 1.14698 0.882294 1.14698 1.43373 1.06045 1.49108 1.43373 1.19286 1.49108
0.917586 1.10287 0.917586 0.678688 0.734069 1.19286 0.882294 0.652585 1.19286 0.678688
0.652585 1.14698 1.43373 1.86385 0.705835 0.917586 1.9384 1.19286 1.19286 1.14698
1.49108 1.43373 1.49108 1.79216 0.705835 1.55072 0.917586 1.43373 1.14698 1.49108
1.43373 1.49108 1.55072 1.49108 1.19286 1.14698 1.10287 1.49108 1.9384 1.49108
1.86385 0.417654 0.705835 1.86385 0.652585 1.10287 1.49108 1.19286 1.19286 1.14698
1.10287 1.43373 1.9384 0.95429 1.79216 1.55072 0.882294 1.14698 1.14698 1.10287
0.705835 0.882294 0.917586 0.705835 1.49108 0.678688 1.86385 0.678688 0.705835 1.49108
1.19286 0.705835 1.19286 1.14698 0.678688 0.522068 0.917586 0.564668 0.734069 1.79216
1.86385 1.43373 1.79216 0.882294 0.522068 1.14698 0.882294 1.86385 0.564668 0.334123
2.01594 1.86385 1.49108 1.37858 1.19286 0.917586 1.49108 1.19286 0.882294 0.705835
1.9384 1.49108 0.705835 1.49108 0.917586 1.14698 1.49108 1.55072 1.49108 0.882294
1.43373 1.49108 0.43436 0.417654 0.401591 1.06045 0.43436 0.43436 0.43436 0.652585
0.882294 0.882294 0.54295 1.49108 1.43373 0.678688 0.652585 1.19286 0.705835 0.84836
0.652585 0.917586 1.86385 0.522068 1.19286 1.14698 0.95429 0.401591 1.43373 1.19286
0.705835 0.84836 0.705835 0.763432 1.9384 0.705835 1.49108 1.86385 1.43373 1.49108
1.19286 1.49108 1.43373 1.14698 1.14698 1.49108 0.917586 0.451735 0.882294 0.882294
0.678688 0.564668 0.451735 0.652585 0.705835 0.882294 0.522068 0.54295 0.917586 1.14698
0.734069 0.734069 0.917586 1.49108 1.14698 0.84836 1.06045 1.14698 1.9384 1.49108
1.19286 0.652585 0.84836 0.401591 1.10287 1.49108 2.32981 1.49108 1.86385 1.49108
0.917586 1.49108 1.9384 0.678688 1.14698 1.14698 1.14698 1.9384 1.43373 1.49108
0.882294 0.678688 0.678688 1.55072 1.43373 1.49108 0.882294 0.917586 0.678688 1.86385
0.882294 0.917586 0.882294 1.14698 1.49108 1.10287 1.37858 1.19286 1.14698 1.79216
1.79216 1.19286 1.86385 1.10287 1.61275 1.86385 1.14698 1.79216 1.14698 1.14698
1.14698 0.334123 0.917586 0.417654 1.86385 0.705835 0.54295 1.24058 1.43373 0.678688
0.678688 1.49108 1.55072 1.49108 1.19286 1.49108 1.14698 0.705835 1.49108 1.19286
1.14698 1.10287 0.917586 0.501988 0.417654 0.43436 1.43373 1.55072 1.43373 1.79216
1.43373 1.79216 1.9384 1.49108 0.564668 0.917586 1.86385 0.705835 0.705835 0.917586
0.917586 1.43373 1.14698 1.24058 1.19286 1.55072 1.55072 0.882294 1.19286 1.14698
1.10287 1.14698 0.84836 1.49108 1.49108 1.43373 1.49108 1.55072 1.14698 1.49108
0.652585 1.14698 1.19286 1.14698 1.14698 0.917586 1.14698 1.43373 1.43373 0.882294
1.55072 1.14698 1.19286 1.43373 1.49108 1.19286 1.14698 0.882294 1.9384 0.84836
0.564668 1.43373 0.882294 1.10287 1.14698 1.10287 1.19286 1.10287 1.10287 1.19286
0.564668 2.32981 1.49108 1.43373 0.652585 1.19286 0.522068 1.14698 1.19286 0.882294
1.10287 0.522068 0.705835 1.55072 1.10287 1.19286 1.19286 1.43373 1.14698 0.84836
0.705835 1.14698 1.10287 1.49108 1.24058 0.84836 1.43373 1.86385 1.14698 1.14698
0.917586 1.14698 1.43373 1.14698 0.917586 1.14698 0.917586 0.882294 0.882294 0.882294
1.14698 0.705835 1.10287 1.55072 1.49108 0.501988 0.882294 0.917586 0.95429 0.84836
0.917586 1.19286 0.652585 0.95429 1.49108 1.19286 1.43373 0.882294 1.43373 1.86385
1.55072 1.49108 0.705835 1.49108 2.01594 1.86385 0.678688 1.14698 1.19286 1.49108
0.705835 0.522068 0.54295 1.10287 1.37858 0.917586 1.19286 1.43373 1.19286 0.882294
0.43436 0.917586 0.54295 1.14698 0.882294 0.882294 1.14698 1.55072 1.19286 0.882294
1.86385 1.49108 1.10287 0.882294 1.9384 1.43373 0.678688 1.37858 1.19286 0.882294
1.06045 0.522068 1.14698 1.14698 1.19286 0.705835 1.10287 1.49108 1.10287 1.86385
1.49108 1.19286 0.917586 1.19286 1.43373 0.882294 1.14698 1.79216 1.49108 1.43373
1.49108 1.49108 1.19286 1.43373 1.10287 1.43373 1.86385 1.14698 1.14698 1.14698
1.79216 1.9384 1.43373 1.37858 1.79216 0.882294 1.10287 0.95429 1.19286 1.10287
1.24058 0.917586 1.79216 1.49108 0.882294 1.43373 1.14698 1.49108 1.24058 1.86385
1.43373 1.14698 1.19286 1.43373 1.14698 0.917586 1.10287 1.43373 1.14698 1.49108
1.9384 1.24058 0.95429 0.84836 1.49108 1.55072 0.54295 1.14698 1.10287 1.43373
0.54295 1.43373 1.24058 0.678688 0.917586 1.49108 1.19286 1.19286 1.79216 1.19286
1.49108 1.19286 1.43373 1.24058 0.84836 0.917586 0.882294 1.55072 0.917586 1.19286
1.49108 1.86385 1.14698 1.19286 1.19286 2.423 0.564668 1.24058 1.19286 1.49108
1.49108 1.9384 0.43436 0.678688 1.14698 1.43373 1.37858 1.86385 1.14698 1.14698
1.86385 1.49108 1.86385 1.9384 1.9384 1.10287 1.10287 0.734069 1.79216 1.19286
1.49108 1.49108 1.19286 1.55072 1.14698 1.14698 1.49108 1.49108 0.882294 0.705835
1.49108 1.19286 0.882294 1.10287 1.19286 1.14698 1.43373 1.49108 1.43373 0.84836
1.14698 1.14698 1.49108 1.49108 0.917586 1.10287 1.10287 1.43373 1.14698 1.49108
1.10287 0.54295 1.19286 0.917586 1.10287 1.14698 1.19286 0.95429 1.10287 1.37858
1.43373 1.49108 1.79216 1.49108 0.705835 1.19286 0.917586 0.705835 0.95429 1.14698
1.55072 1.10287 1.79216 1.49108 1.49108 1.14698 1.49108 1.49108 0.882294 1.86385
0.917586 1.86385 1.55072 0.54295 0.95429 1.86385 1.14698 1.19286 1.9384 1.10287
0.734069 0.734069 1.43373 1.37858 1.14698 0.917586 1.14698 1.19286 1.14698 1.49108
1.24058 1.19286 1.14698 1.49108 1.43373 0.334123 1.49108 1.19286 1.49108 1.49108
0.678688 1.14698 1.55072 1.9384 1.86385 0.882294 1.86385 1.19286 1.86385 1.43373
2.423 1.86385 1.49108 1.24058 1.86385 1.49108 1.14698 1.55072 1.14698 1.49108
1.14698 1.06045 1.19286 1.49108 0.501988 1.49108 1.14698 1.14698 0.882294 1.9384
0.705835 0.564668 0.917586 1.14698 1.43373 1.61275 1.14698 0.882294 0.678688 1.9384
1.37858 0.917586 1.10287 1.14698 1.43373 0.627485 1.86385 1.49108 0.705835 1.10287
0.882294 0.43436 1.19286 1.43373 0.917586 1.79216 1.14698 1.43373 1.43373 1.49108
0.522068 1.10287 1.19286 1.14698 1.43373 1.49108 1.43373 1.14698 1.43373 1.19286
1.10287 1.49108 1.10287 0.705835 1.19286 1.43373 0.734069 0.54295 1.24058 1.14698
0.678688 1.19286 0.734069 0.917586 0.917586 1.19286 1.37858 1.19286 1.49108 1.14698
0.417654 0.678688 0.705835 1.49108 1.14698 0.882294 0.705835 0.678688 0.678688 0.882294
0.734069 1.43373 1.86385 1.14698 1.86385 1.49108 0.917586 0.917586 1.14698 1.19286
0.564668 0.705835 1.24058 0.522068 1.43373 1.43373 0.308916 1.19286 1.19286 1.49108
0.678688 1.14698 0.882294 1.49108 1.86385 1.43373 1.49108 1.49108 1.49108 1.10287
0.917586 1.19286 0.734069 1.86385 1.37858 1.55072 1.19286 1.43373 1.49108 1.19286
1.49108 1.49108 1.43373 1.86385 0.705835 0.815731 0.678688 0.678688 1.14698 0.678688
1.49108 0.917586 1.79216 1.19286 0.705835 0.84836 1.14698 1.79216 0.882294 1.43373
0.95429 1.14698 1.19286 1.86385 1.14698 1.86385 0.54295 0.564668 1.49108 1.49108
1.49108 2.51992 1.43373 1.86385 1.14698 1.14698 1.14698 0.917586 1.10287 0.882294
1.19286 1.9384 0.705835 0.734069 0.882294 0.705835 0.451735 1.43373 1.06045 1.79216
1.06045 0.522068 0.734069 1.14698 1.19286 0.705835 1.86385 0.917586 0.705835 1.14698
0.882294 1.43373 0.882294 1.49108 1.24058 1.49108 1.14698 1.14698 1.49108 1.86385
1.43373 1.14698 1.14698 1.49108 1.49108 1.86385 0.882294 0.678688 0.95429 1.43373
0.705835 1.49108 0.705835 1.10287 1.14698 1.43373 1.43373 0.882294 1.43373 1.14698
1.43373 1.49108 1.14698 1.9384 0.917586 1.14698 1.43373 1.55072 1.86385 0.882294
2.423 1.86385 1.14698 1.43373 0.917586 1.19286 1.49108 0.882294 0.678688 1.49108
1.49108 1.49108 0.417654 0.652585 1.49108 0.917586 1.10287 0.882294 1.19286 1.19286
1.86385 0.678688 1.37858 1.43373 0.705835 0.917586 1.14698 0.917586 0.882294 1.10287
2.423 1.49108 1.19286 1.43373 1.43373 1.10287 1.43373 0.882294 1.14698 0.678688
1.14698 1.43373 1.43373 0.678688 1.49108 1.43373 0.54295 2.32981 1.49108 1.49108
0.882294 0.882294 1.14698 1.43373 0.54295 0.678688 1.79216 1.43373 1.43373 0.705835
1.49108 1.49108 0.882294 1.86385 1.49108 1.43373 0.705835 1.14698 0.84836 1.43373
1.49108 1.43373 1.43373 1.14698 1.49108 0.734069 1.49108 1.14698 1.55072 1.49108
1.43373 0.734069 1.49108 1.79216 1.10287 1.86385 1.86385 1.49108 1.49108 1.43373
1.55072 1.43373 1.14698 1.79216 1.10287 1.43373 1.49108 1.19286 1.14698 0.417654
1.43373 1.14698 1.24058 1.14698 0.882294 1.14698 1.10287 1.49108 1.55072 0.882294
1.9384 1.43373 1.10287 1.49108 1.49108 1.14698 0.917586 1.14698 1.55072 1.86385
1.86385 1.9384 1.49108 1.43373 1.49108 0.917586 1.19286 1.43373 0.917586 0.917586
1.14698 0.882294 1.43373 0.882294 1.19286 1.10287 1.14698 0.882294 0.84836 1.43373
0.734069 1.37858 1.43373 1.49108 1.19286 1.43373 1.19286 0.917586 1.49108 1.55072
1.86385 1.49108 1.19286 1.9384 0.882294 1.14698 0.882294 1.43373 1.10287 0.882294
1.10287 1.43373 1.86385 1.86385 1.19286 0.54295 1.19286 1.14698 1.86385 1.10287
0.734069 1.49108 1.49108 1.43373 0.705835 0.882294 1.79216 1.43373 1.43373 1.86385
1.43373 1.86385 1.43373 1.49108 1.86385 1.49108 1.86385 1.19286 1.49108 1.49108
1.9384 1.55072 1.43373 1.43373 1.49108 1.86385 1.49108 0.882294 1.49108 1.86385
1.43373 1.9384 1.19286 1.49108 1.79216 1.43373 1.43373 1.24058 1.43373 1.19286
1.86385 1.86385 1.79216 1.55072 1.43373 0.882294 1.49108 1.43373 1.86385 1.86385
1.9384 1.49108 1.49108 1.49108 1.19286 1.19286 1.14698 1.49108 1.14698 1.43373
0.917586 0.84836 1.86385 1.43373 1.19286 0.705835 1.43373 1.43373 0.84836 1.49108
1.43373 1.49108 1.49108 0.734069 1.10287 0.917586 0.705835 0.917586 0.734069 0.501988
1.49108 1.10287 0.882294 1.86385 0.54295 1.14698 1.49108 1.55072 0.917586 1.10287
1.49108 1.49108 1.49108 0.917586 0.882294 1.86385 0.882294 1.14698 1.14698 1.43373
1.14698 0.54295 1.49108 0.882294 1.14698 1.49108 0.522068 1.10287 1.9384 1.19286
1.14698 1.49108 0.882294 1.49108 1.10287 1.49108 1.19286 1.49108 0.678688 0.705835
0.705835 0.705835 0.652585 1.14698 1.49108 1.49108 1.14698 1.10287 0.54295 1.49108
1.9384 1.43373 1.43373 1.49108 1.14698 0.95429 0.501988 1.43373 0.882294 1.9384
0.678688 1.49108 1.49108 1.10287 1.86385 2.01594 1.14698 1.14698 0.917586 1.14698
0.678688 0.882294 0.705835 1.55072 1.86385 0.917586 1.10287 1.49108 1.14698 0.705835
1.43373 0.917586 1.10287 1.14698 1.49108 1.14698 1.49108 1.14698 0.882294 1.49108
1.9384 1.49108 1.79216 1.19286 1.43373 1.49108 1.43373 1.49108 1.55072 1.43373
0.678688 1.49108 0.882294 0.917586 1.43373 1.43373 0.882294 1.9384 0.678688 1.43373
0.43436 0.882294 1.49108 0.522068 0.705835 0.43436 1.49108 0.678688 0.417654 0.334123
0.587255 0.54295 1.86385 0.417654 1.14698 1.14698 0.882294 0.882294 0.917586 0.678688
0.564668 0.917586 0.882294 0.54295 0.54295 0.705835 0.917586 0.54295 1.49108 1.19286
0.678688 0.882294 1.43373 0.652585 0.417654 0.882294 1.49108 1.14698 1.49108 1.10287
1.14698 0.678688 0.882294 0.54295 0.917586 0.678688 0.882294 0.84836 0.917586 0.882294
0.678688 0.522068 0.678688 1.14698 0.678688 0.917586 0.678688 1.10287 0.917586 0.882294
0.734069 0.705835 1.14698 1.14698 0.678688 0.54295 0.678688 1.10287 0.917586 1.49108
1.49108 1.49108 1.19286 0.705835 0.734069 0.917586 1.14698 1.49108 0.882294 0.678688
1.49108 0.522068 0.417654 0.705835 1.06045 0.734069 1.19286 1.49108 1.10287 0.917586
0.84836 0.522068 1.14698 1.14698 1.49108 1.43373 1.49108 1.86385 1.55072 1.43373
1.43373 0.43436 1.49108 0.917586 1.43373 0.501988 1.37858 1.19286 0.84836 0.734069
1.10287 1.10287 0.678688 1.43373 1.14698 1.49108 1.86385 1.86385 1.86385 0.917586
1.86385 1.14698 1.37858 1.43373 0.678688 1.19286 0.705835 1.49108 0.917586 1.49108
1.43373 1.24058 1.49108 1.14698 0.882294 0.678688 0.882294 0.705835 0.95429 0.882294
1.49108 0.95429 1.14698 0.564668 1.24058 1.14698 1.43373 1.55072 1.19286 1.86385
0.882294 1.49108 1.43373 1.43373 1.43373 1.10287 1.19286 1.43373 1.14698 1.14698
2.423 2.01594 0.917586 1.43373 1.55072 1.14698 1.49108 1.19286 1.49108 1.10287
1.14698 1.79216 0.705835 1.14698 0.917586 0.705835 0.54295 1.14698 0.678688 1.43373
1.49108 0.882294 0.84836 1.10287 1.37858 1.19286 1.49108 0.678688 0.705835 1.9384
1.43373 1.9384 1.49108 0.917586 1.86385 0.882294 1.43373 0.54295 0.417654 0.705835
0.882294 1.19286 1.43373 1.55072 0.917586 1.14698 1.10287 1.55072 0.678688 1.86385
0.917586 1.55072 0.705835 0.882294 1.86385 1.49108 1.19286 1.14698 1.43373 1.19286
0.95429 1.10287 0.917586 1.43373 1.10287 0.705835 1.43373 1.14698 1.43373 0.678688
0.917586 1.19286 1.49108 1.19286 0.882294 1.14698 0.882294 1.10287 1.19286 1.49108
1.9384 1.10287 1.19286 1.49108 1.19286 1.86385 1.79216 1.86385 1.43373 0.882294
1.10287 1.19286 1.14698 1.79216 1.10287 0.84836 0.678688 1.10287 1.86385 1.9384
1.49108 1.43373 1.43373 1.43373 1.49108 1.9384 1.86385 1.55072 1.14698 2.32981
1.9384 1.49108 1.79216 0.734069 0.882294 0.917586 1.9384 0.522068 1.86385 0.882294
1.49108 1.49108 2.51992 1.79216 1.79216 1.43373 1.49108 1.86385 1.86385 1.43373
1.43373 1.19286 1.86385 1.14698 0.705835 1.43373 1.14698 1.49108 1.49108 1.43373
1.19286 1.10287 1.19286 1.14698 1.49108 0.84836 1.49108 1.43373 0.917586 1.19286
1.49108 1.43373 0.917586 1.55072 0.917586 1.10287 1.14698 1.86385 1.14698 1.14698
1.49108 2.423 
>categories:
0 0
1 0
>mixtureAssignment:
0 0 0 0 0 0 0 0 0 0 0 0 0 0 0 1 0 0 0 0 0 0 0 0 0 0 0 0 0 0 0 0 1 0 0 0 0 0 0 0 0 0 0 0 0 1 0 0 0 0
0 0 0 0 0 0 1 0 0 0 0 0 0 0 0 1 0 0 0 0 0 0 0 0 0 0 0 0 0 0 0 0 0 1 0 0 0 0 0 0 0 0 0 0 0 0 0 0 0 0
0 0 1 0 1 0 1 0 0 1 1 0 0 1 0 0 1 0 0 0 0 0 1 0 0 0 0 1 0 1 0 0 0 0 0 0 0 0 0 0 0 0 0 0 0 0 0 1 0 0
0 0 0 0 0 0 1 0 0 1 0 0 0 0 0 0 0 0 0 0 0 0 0 0 1 0 1 0 0 0 0 0 0 0 0 0 0 0 0 0 0 1 0 0 0 1 0 0 0 0
0 0 0 0 0 0 0 0 0 0 0 0 0 0 1 0 0 0 0 0 0 1 1 1 0 0 0 0 0 0 0 0 0 0 0 0 0 1 0 0 0 0 0 0 0 0 0 0 0 0
0 0 0 0 0 0 0 0 0 0 0 0 0 0 0 0 0 0 0 0 0 0 0 0 0 1 1 0 0 0 0 0 0 0 0 0 0 1 0 0 0 0 0 0 1 0 0 0 0 0
0 1 0 0 0 0 1 0 1 0 1 0 0 1 0 0 0 1 0 1 0 0 0 0 0 0 0 0 0 0 1 0 0 0 0 0 0 0 0 0 1 1 1 0 0 0 0 0 0 0
0 0 0 0 0 0 0 0 0 0 0 1 0 0 0 0 0 0 0 0 0 0 1 0 0 0 0 0 0 0 0 0 0 0 0 0 0 0 1 0 0 0 0 0 0 0 0 0 0 0
1 1 0 0 0 0 0 0 0 0 0 0 0 0 0 0 0 0 1 0 0 0 1 0 1 0 0 1 0 0 0 0 0 1 0 0 0 0 1 0 1 0 0 0 0 0 0 0 0 0
0 1 0 0 0 0 0 0 0 0 0 0 0 0 0 0 0 0 0 0 0 0 0 0 1 0 0 0 1 1 0 0 0 0 0 0 0 0 1 0 1 0 0 0 0 1 0 0 0 0
0 0 0 0 0 0 0 1 1 0 0 0 0 0 0 0 0 0 1 0 0 0 0 0 0 0 1 1 0 0 0 0 0 0 0 0 0 1 0 0 0 0 0 1 1 0 0 0 0 0
0 0 1 0 0 0 0 0 0 0 0 0 0 0 0 0 1 0 0 0 0 0 0 0 0 0 0 0 1 0 0 0 0 0 0 0 0 0 0 0 0 0 0 0 0 0 0 0 0 0
0 0 0 0 1 1 0 0 0 0 0 0 0 0 0 0 0 0 0 0 0 0 1 0 0 0 0 0 0 0 0 0 0 0 1 1 0 1 0 0 0 0 0 0 0 0 0 1 0 1
0 0 0 1 0 0 1 0 0 0 0 0 0 0 0 0 0 0 0 0 0 0 0 0 0 0 0 0 1 0 0 0 0 0 0 0 0 1 0 0 1 0 0 0 0 0 0 0 0 0
0 0 0 1 0 0 1 0 0 0 0 0 0 0 0 0 1 0 0 0 0 0 1 1 0 0 0 0 0 0 0 0 0 0 0 0 0 0 0 0 0 0 0 0 0 0 0 0 0 1
0 0 0 0 1 0 0 0 0 0 0 0 0 0 0 0 0 1 0 0 0 0 0 0 1 1 0 0 0 0 0 0 0 0 0 1 0 1 0 1 1 0 0 0 0 0 0 1 0 0
0 0 0 1 1 0 0 0 0 0 0 0 0 1 0 0 1 1 0 0 0 0 1 0 1 1 0 0 0 0 0 1 0 0 0 0 0 0 0 0 0 0 0 0 0 1 1 0 0 0
0 0 0 0 0 1 0 0 0 0 0 0 0 0 0 0 0 0 0 0 0 0 0 0 0 0 0 0 0 0 0 1 0 0 0 0 0 0 1 0 0 0 0 0 1 1 0 0 0 0
0 0 0 1 1 0 1 0 0 0 0 0 0 0 0 0 0 1 0 0 0 0 0 0 0 0 0 0 0 0 0 0 0 0 1 1 0 0 0 0 0 0 0 0 0 0 0 1 0 0
0 0 0 0 0 0 0 0 0 0 0 0 1 0 0 0 0 0 0 0 0 0 0 1 0 0 0 0 0 0 0 0 0 0 0 0 0 0 0 0 0 0 0 0 0 0 0 0 0 0
0 0 0 0 0 0 0 0 0 1 0 0 0 0 0 0 0 0 0 1 0 0 0 0 0 0 0 0 0 0 0 0 0 0 0 0 0 0 1 0 1 0 0 0 0 1 0 0 0 0
0 0 0 0 0 0 0 0 0 0 0 1 0 0 0 0 1 1 0 0 1 0 0 0 0 0 0 0 0 0 0 0 0 1 0 0 0 0 0 0 0 0 0 0 0 0 0 0 0 0
0 0 0 0 0 0 0 0 0 0 0 0 0 0 0 0 0 0 0 0 1 1 1 0 0 0 0 0 0 0 0 0 0 0 0 1 0 0 0 0 0 0 0 0 0 0 0 0 0 0
1 0 0 0 0 0 0 0 0 0 0 0 0 0 0 0 0 0 0 0 0 0 0 0 0 1 0 0 0 0 0 0 1 0 0 0 0 1 1 0 0 0 0 0 0 0 0 0 0 0
0 1 0 0 0 0 0 0 1 1 0 0 0 0 0 0 0 0 0 0 0 0 0 1 0 0 1 0 0 1 0 0 0 0 0 0 0 0 0 0 0 0 0 0 0 0 0 0 0 0
0 0 0 0 0 0 0 1 0 0 0 0 0 0 0 0 0 0 1 0 0 0 0 0 0 0 0 0 0 0 0 1 0 0 0 0 0 0 0 1 0 0 0 0 0 0 0 0 0 0
0 0 0 0 0 0 0 0 0 0 0 0 0 0 0 0 1 0 0 0 0 0 0 1 0 0 0 0 0 0 1 0 0 0 0 0 0 1 0 0 0 0 0 0 0 0 0 0 0 1
1 0 0 0 0 0 0 0 0 0 0 0 0 0 0 0 0 0 0 0 0 0 0 0 0 0 0 0 1 0 0 0 0 0 0 1 0 0 1 0 0 0 0 1 0 0 0 0 0 1
0 0 1 1 1 1 0 0 0 0 1 0 0 0 0 0 0 0 0 0 0 0 1 0 0 0 0 1 0 0 0 0 0 0 0 0 0 1 1 0 0 0 0 0 0 0 0 0 1 0
0 0 0 0 0 0 0 0 0 0 1 0 0 0 1 1 0 0 0 0 0 0 0 0 0 1 1 0 0 0 0 0 0 0 1 1 1 0 1 1 1 1 0 0 1 0 0 0 0 0
0 0 0 0 0 1 1 0 0 0 0 0 0 0 0 0 0 0 0 0 1 0 0 0 0 0 0 0 0 0 0 0 0 0 0 0 0 1 1 0 0 1 0 0 0 1 0 0 0 0
0 0 0 1 0 0 0 1 1 0 0 0 0 0 0 0 0 1 0 0 0 1 0 0 0 0 0 0 0 0 0 1 1 0 1 1 1 1 1 0 0 0 1 0 0 0 0 0 0 0
1 0 1 0 0 1 0 0 0 0 0 0 0 0 0 0 0 0 0 0 0 0 0 0 0 1 0 0 0 0 1 0 0 0 0 0 0 0 0 0 0 0 0 0 0 1 0 0 0 0
0 0 0 0 0 0 0 0 1 0 0 1 0 0 0 1 0 1 0 1 0 0 1 1 0 0 0 0 0 0 0 0 0 0 0 0 0 0 1 0 0 0 0 0 0 0 0 0 0 1
0 0 0 0 1 0 1 1 0 0 0 0 0 0 0 0 0 0 0 0 0 0 1 0 0 0 1 0 0 0 0 0 0 0 1 0 0 0 0 0 0 0 
>numMutationCategories:
2
>numSelectionCategories:
1
>categoryProbabilities:
0.5 0.5 
>selectionIsInMixture:
***
0 1 
>mutationIsInMixture:
***
0 
***
1 
>obsPhiSets:
0
>currentSynthesisRateLevel:
***
1.08917 0.661755 0.866496 0.660622 0.429901 0.747488 0.797844 0.606946 0.770564 0.403503
0.575987 0.371012 0.441221 1.37936 1.1724 0.526867 0.600719 0.712105 0.717643 0.584508
0.611956 0.440664 0.893161 0.735839 0.643288 0.824721 0.359509 1.29678 0.831263 0.703945
0.95632 0.859901 0.529836 0.827036 0.930787 0.390493 0.443122 1.12304 0.910722 0.622169
1.29868 0.822923 0.912631 0.856269 1.22664 0.840301 1.01722 0.557774 1.87295 0.47233
0.512464 0.818107 1.19621 0.262943 0.885273 1.64152 0.548606 0.802756 0.333437 0.925695
0.968727 1.31303 1.47338 0.905305 0.936986 0.497086 0.584957 0.767631 0.524466 0.465467
0.497813 0.33744 0.66777 0.706035 1.05238 0.386419 0.535233 0.880885 0.740883 0.402175
0.896237 0.652155 1.06535 0.783765 0.244077 0.380356 0.668484 0.340418 0.683175 0.471273
0.707256 0.585369 0.787559 0.78896 0.556631 0.656865 0.862838 1.86883 0.927541 1.04704
1.23644 0.90227 2.06112 0.862181 1.38024 0.589643 2.04037 1.04765 0.614537 1.31659
0.778421 1.26298 0.548317 0.488336 0.977998 0.771627 0.855992 1.2842 1.20615 1.56971
0.896671 2.15702 2.40745 0.664461 0.6474 0.780038 1.17316 0.868232 1.33185 1.36907
1.38371 0.879533 0.888377 2.06667 1.14267 1.98749 1.57612 0.93217 0.67217 0.772589
0.922676 0.933151 0.786306 0.477152 1.0468 1.46689 0.541189 1.12239 1.03181 1.22555
1.17102 1.5581 0.806427 1.11573 0.397726 1.78955 0.840222 1.22556 2.13212 1.12969
0.870723 0.606558 1.06093 0.318677 1.78854 1.69857 0.682613 1.94106 1.55153 0.767743
1.14938 0.462596 1.60675 0.917203 0.473712 0.66422 1.18277 0.82317 1.09799 1.71917
0.478972 1.70135 0.457158 0.674435 0.570887 1.14046 1.00115 0.545358 0.784468 0.790556
0.91431 0.485681 0.965252 1.39793 1.37888 0.872431 2.36131 0.811968 1.31497 1.37023
1.19514 1.32994 0.746439 0.566192 1.39724 0.655571 0.578151 0.531658 1.05719 0.894951
0.878562 0.754421 0.558252 0.361548 0.906307 0.64363 0.795091 0.681347 0.761368 1.02087
1.03168 1.45101 0.530659 1.94284 0.753678 1.63791 1.17659 1.09517 0.7349 1.51658
0.650624 1.69787 2.49194 0.437195 1.22492 1.24544 1.12163 1.76477 0.333051 1.1207
0.749297 0.974893 0.332935 0.861541 0.90871 1.98106 0.931535 0.776474 0.7288 1.70433
1.548 1.44402 1.57826 2.11299 0.653194 1.91538 1.11961 1.06504 2.29391 0.482298
1.38165 3.80013 1.09697 1.05271 2.28088 1.93831 1.75759 1.59063 1.54676 0.515397
1.38979 2.02358 0.331954 2.0245 1.67312 0.761309 0.671369 1.03704 1.36284 2.09214
1.88112 0.811207 1.36785 0.941555 1.89808 1.21196 0.369919 0.631654 0.651328 1.0938
0.478195 0.201773 0.683477 0.360989 1.52729 1.15164 1.25807 0.758969 2.5526 2.58568
1.18594 1.54736 2.7276 1.72563 1.8732 1.81368 2.28879 2.72162 2.83826 2.29912
1.88924 1.51089 1.28945 0.3304 1.19242 1.62542 1.5322 1.03525 2.13872 1.8616
2.70604 0.777777 1.16232 2.3446 0.520333 1.71075 1.21287 1.67572 0.703711 1.07119
1.06396 1.31141 2.04743 1.4628 0.839135 1.10281 1.03655 1.01274 1.01518 0.67943
0.633329 0.498985 0.421398 0.718273 0.777073 0.810975 0.614493 2.13485 1.01475 1.92973
1.99369 1.92863 1.67349 2.0137 2.50446 1.84513 1.74555 1.3251 1.239 0.648198
1.68429 1.20347 1.44838 0.803568 0.698123 1.59958 1.32635 0.426682 0.591924 0.328313
0.613874 1.79967 2.03473 1.81495 1.33731 1.37449 0.675089 0.392458 0.599409 0.713073
1.12029 0.831357 0.60474 1.17536 1.30156 1.22604 0.946761 1.71668 0.286128 0.465709
1.54292 1.18964 1.42571 0.48946 0.553905 1.06004 1.28919 0.980879 1.70881 1.86618
1.15949 1.23037 0.881161 1.06403 0.405493 1.2715 0.837366 0.706128 1.02763 1.29671
0.624829 0.854897 0.755403 1.62388 0.895324 1.26584 1.67146 0.374612 1.59548 1.24765
1.18807 1.48765 0.957339 1.6861 0.955949 1.28881 2.06006 0.905292 0.974036 1.7464
2.3061 0.792791 0.641086 0.807868 0.641743 1.23407 0.379849 1.50422 0.283514 1.05776
0.352865 1.20186 0.872883 1.95422 1.52724 0.817847 1.13112 0.844745 0.990233 0.446511
0.787439 0.90675 0.382839 0.77855 1.2873 0.784973 0.424503 1.28945 1.3206 1.10975
0.529973 0.745568 0.552349 0.514641 0.469661 0.403785 0.403932 1.1699 0.36363 0.549783
0.805533 0.694892 0.640958 0.413556 0.743631 0.280237 0.56231 0.283571 0.735497 0.918652
1.09244 0.747268 0.680266 0.936006 1.23689 0.388517 0.3103 0.641505 0.861669 1.05832
0.759584 0.336397 1.09165 0.952509 1.03017 0.836256 0.729529 0.666086 1.13074 1.32414
1.36259 1.51137 1.18686 1.83902 0.821426 0.717858 0.89834 0.666965 0.630543 0.472406
1.66753 0.527001 0.809362 0.393517 1.90066 1.4871 1.1013 0.781959 1.0861 1.76283
1.3661 1.50317 0.700116 1.1945 1.27298 0.478865 0.405878 0.818586 1.15594 1.22203
1.01101 0.738343 1.15101 0.479903 0.342287 1.62994 0.652011 0.323013 1.39877 0.427706
0.838791 0.668818 0.878432 1.04849 0.921176 1.24951 0.851315 1.11207 1.28279 0.978747
0.519909 0.936938 0.85326 1.27716 0.924764 1.63449 1.9801 0.752831 1.6301 1.26713
1.24105 0.704386 1.12396 0.53295 1.10698 0.787248 0.511071 1.56133 0.607617 1.44083
0.803006 0.749835 0.97071 0.628412 0.857011 1.21591 1.72874 0.949585 0.905156 0.864597
1.15675 1.12317 1.44114 1.45658 0.326793 1.04267 1.57893 0.602175 1.49387 1.21599
2.06555 1.45976 1.39538 0.378865 1.06782 1.23132 0.710145 0.572283 0.398653 1.06195
0.388117 1.0153 1.04681 0.73009 0.570967 0.665892 1.41621 0.562723 0.61557 1.73952
1.06808 1.72646 0.386824 1.18221 1.34355 0.853272 0.54885 1.69698 0.596626 0.799049
0.484383 0.95852 0.766118 0.69043 0.370974 0.745494 0.7154 0.918088 1.40608 0.517553
1.86707 0.677709 0.379151 1.26518 1.57646 1.54514 0.718891 1.22204 1.18222 0.850646
0.329996 0.214031 0.913762 0.875892 0.396667 1.02986 0.625046 0.948466 0.614398 0.641735
0.683877 0.939528 1.20039 0.699938 1.13836 0.490764 0.952658 0.661126 0.71605 0.701632
0.558164 0.924131 0.876387 1.0662 0.887606 0.995567 0.820939 1.3688 0.757059 0.893524
0.477856 0.693302 1.31939 1.23742 0.673537 0.916149 1.66633 0.543389 1.28152 0.779317
1.34291 0.438051 0.750931 1.42377 0.875455 0.82964 0.405868 1.03043 1.01451 0.503053
0.451436 0.472 1.29275 0.529409 1.3604 2.0827 1.11606 0.659722 0.943201 1.14435
1.53216 1.77141 0.370046 0.910527 1.40745 0.261752 1.17252 0.5666 0.770955 0.602857
0.543083 1.11123 1.72842 1.52773 0.726378 0.396333 0.436918 0.258076 0.559277 0.580226
0.89044 0.611979 0.450114 0.620941 0.625244 1.33077 0.698704 1.05495 0.5646 0.610727
1.9989 0.611417 0.539739 0.634989 0.850603 0.631524 1.15215 0.534296 1.1702 0.918774
1.18011 0.334776 1.29247 1.00347 1.03433 0.917892 0.70137 0.802931 1.10557 1.28452
0.585252 0.514001 0.896116 0.420912 1.63661 0.924738 1.80726 0.471439 0.822098 1.11854
1.14839 1.3889 0.757007 0.817002 0.767616 1.09392 0.578584 0.901947 0.970472 0.950847
0.965891 0.779495 0.312343 0.352978 1.03617 1.24468 0.897586 1.59238 0.580077 0.618819
0.506342 0.560767 0.218016 0.372539 0.283788 0.615406 0.37591 0.267076 0.475071 0.462683
0.388795 0.499241 0.658671 1.28754 0.706546 0.622144 0.65229 0.390199 1.02893 1.26619
1.62038 1.46711 0.562644 1.26612 0.604123 0.963736 0.846645 0.6745 0.800269 1.13188
1.01018 0.450763 0.724288 0.800983 0.516944 1.97079 0.999895 1.1712 0.392654 0.792901
1.45781 0.432493 0.576829 0.787203 0.468096 1.05506 0.516986 0.353611 0.205129 0.558168
1.61186 0.819457 0.280289 1.31739 0.612028 0.539748 1.30222 1.36336 0.733074 0.393788
1.08645 1.00035 0.776622 0.166735 2.02963 0.694492 0.836217 0.439212 1.18508 0.427661
1.14672 1.21476 1.09313 0.709276 0.755337 0.705779 1.7267 1.98484 1.50102 1.09277
0.984067 0.59249 0.814674 2.46439 2.60115 1.5166 1.33873 0.984093 0.86939 1.16993
0.949129 1.23212 0.538003 0.92256 0.582451 2.12846 0.910911 0.788576 0.722583 1.25254
1.12117 1.17812 1.43333 0.771623 0.617771 0.30913 1.20543 0.790101 0.543709 0.642944
0.987992 0.467574 0.610983 0.914005 0.715478 0.33834 1.16214 0.893936 1.4192 0.537928
1.3906 0.908764 1.31745 1.24699 0.973013 1.0657 0.539225 0.679371 1.07491 0.567307
1.57914 1.2503 1.73542 1.44699 0.790998 0.764302 1.34716 1.072 1.09768 1.20812
1.70807 0.619068 0.384992 0.625692 0.630015 0.459713 1.13955 0.901241 2.23327 0.885037
1.69013 0.998228 1.00491 1.6012 0.775564 1.42864 2.18647 0.723414 0.750785 0.39378
1.35362 1.27158 1.15816 0.577653 0.522077 1.483 0.652203 0.800215 0.456645 0.385392
1.13475 0.686033 0.861323 0.669485 0.581593 0.974295 0.320574 0.598392 0.4431 0.934377
0.767357 0.842124 0.486471 1.01522 0.926575 2.07181 1.62477 1.28905 1.23415 1.64822
1.62976 1.71225 1.04408 0.78045 1.11252 0.948797 0.618322 1.2286 1.07927 0.737129
0.985549 1.05366 1.02991 0.678883 1.08414 0.585121 1.73699 1.37097 0.343038 0.716882
0.603571 0.92945 0.587199 0.762531 1.18167 1.28556 1.72886 1.74531 1.54536 0.633048
0.837614 0.750864 1.25737 1.40596 1.90817 1.66157 1.0265 0.903545 0.806373 0.330017
1.17637 1.657 1.65846 0.95991 0.721039 1.09359 1.31878 1.36013 1.10103 0.795082
0.413035 1.44613 0.954573 0.584203 0.742489 0.480976 1.06982 0.287236 0.665193 0.593189
0.909045 1.11261 0.840236 0.500785 0.48871 0.793596 1.12246 0.974186 0.688293 0.564149
1.21947 0.812933 1.17589 0.955282 0.815875 0.262011 0.604197 0.835913 0.861838 1.08413
0.356971 1.11656 1.50236 0.8399 0.879142 0.892715 1.78535 1.08459 2.14453 0.744
0.393555 0.549527 0.736209 0.769735 0.695994 0.60291 1.20492 0.655529 1.22379 0.874289
0.500522 1.56611 2.22637 1.63441 0.959991 1.1828 0.765107 1.53393 1.06885 0.773396
0.254569 1.38232 1.14591 0.464297 1.90439 1.42415 0.903845 1.01668 1.38044 1.32857
0.945174 0.378482 0.985973 1.2573 0.563396 0.746032 0.868391 0.968128 0.425441 1.5813
1.22774 0.948417 1.4479 0.713764 0.680318 0.301892 1.31554 0.738653 0.596107 0.876241
1.34866 2.06367 1.21532 0.459606 1.22149 1.30845 0.531259 0.429077 1.17891 0.878807
0.485522 0.885503 1.43956 1.70368 0.719647 1.58255 1.98221 0.467214 1.05657 0.737133
0.667877 0.512646 0.362854 1.07326 0.349912 1.22152 1.37868 0.52953 0.74275 0.394505
0.534791 1.00308 0.815063 0.731037 0.515044 0.899912 1.66309 1.25109 0.582544 0.483506
0.294595 0.390728 0.606872 0.439284 0.643123 1.14874 0.642427 0.324508 0.39439 1.14554
0.705866 0.585659 0.393293 1.15878 0.589275 0.676702 2.41476 0.854828 0.78871 2.08273
0.493319 1.76391 1.14736 0.824255 0.708473 1.34533 0.888387 0.527021 0.614698 0.929415
1.0236 0.525168 0.710999 0.568018 0.534122 0.919099 1.30807 0.705879 1.22627 1.01298
0.421999 0.634405 0.686978 1.4008 1.69536 1.84165 1.21361 1.78898 1.39572 1.25065
1.01587 1.33322 0.452018 0.868359 0.847609 0.956618 0.823012 0.646046 0.429159 0.571543
0.960948 0.419207 1.35087 0.751328 1.2679 1.12746 1.24661 1.51895 1.01496 1.18155
1.60884 0.373186 0.446871 0.747023 0.363423 1.54419 0.630064 1.36671 0.641244 0.539481
1.14861 0.487083 0.733809 1.11462 1.33091 1.69473 0.871798 1.11262 0.910528 1.22751
1.65687 0.878417 0.819648 0.947366 0.470699 1.45743 0.963497 0.713416 0.750736 0.618718
2.70575 0.847183 1.91223 0.654983 1.27628 0.692733 0.503636 1.67872 0.816578 0.541821
1.71552 0.873266 0.672432 0.664752 0.479217 0.395257 1.16565 0.627628 0.421787 0.632308
0.533921 0.878786 0.850864 0.549439 0.380997 0.954851 0.544336 0.57859 0.800685 0.887437
1.17496 1.50565 1.00063 1.76632 0.62025 1.3413 0.483445 0.381841 0.747026 0.923934
1.09461 0.913941 0.835837 0.29031 2.10247 1.29879 0.376696 0.839839 0.695596 0.985071
0.721587 0.876094 0.73305 1.91368 0.682154 0.89339 1.56052 1.04398 1.78206 2.39685
1.3058 0.987275 0.730324 0.731176 1.56058 0.817928 1.01891 0.880225 1.19091 1.7894
0.551891 0.294857 0.476455 1.22766 1.12859 0.948506 1.10267 1.60952 0.864802 0.744703
0.629506 0.944158 0.713013 0.621346 0.672845 0.942792 1.34555 0.739294 0.423575 1.07655
1.14486 0.63434 1.24513 0.75271 0.690541 0.364706 1.3063 0.943235 1.60029 1.16413
1.30188 1.20461 1.84145 0.771198 0.744841 1.50839 1.07643 1.01331 1.75971 1.03072
0.493149 0.892213 0.744961 0.85581 0.968213 1.03804 1.53971 0.603952 0.85641 0.3321
1.4137 0.453641 1.00395 0.811809 1.10721 0.470063 0.993654 0.558502 1.06854 0.457957
1.40074 1.19608 1.23748 1.49954 0.503417 1.16563 1.18363 0.599143 1.01861 0.967307
0.639571 0.566789 0.675391 1.13868 1.01077 0.309345 0.608328 0.630273 0.651265 0.657656
1.43549 0.415856 0.27283 0.660669 0.439954 0.656332 0.289545 0.917153 0.939614 0.720094
1.30203 0.565159 1.68298 1.39679 0.905645 0.499909 0.750876 0.84646 0.958492 0.935517
2.23626 1.23764 1.06006 2.06177 1.72455 2.63047 0.668997 1.31574 2.57044 2.39735
2.02308 1.76442 0.803933 2.23436 1.6524 0.790863 1.41606 1.435 0.948039 2.0281
2.32212 1.3669 1.73346 1.53501 1.6256 1.07642 1.06374 1.3714 0.972352 1.23218
1.21456 1.59057 1.37038 1.54822 2.01569 1.9261 0.872658 0.529658 1.15853 0.687314
2.34814 0.827489 1.13737 2.19738 1.43664 1.69635 1.52796 0.706505 0.630979 1.64368
2.41822 1.5695 1.1314 0.713064 1.93922 0.831542 1.75217 1.13626 1.03193 1.06313
0.978905 1.16824 2.05059 1.62378 1.33939 1.15168 0.931737 1.26301 1.00542 1.50558
1.23671 1.00225 0.77542 1.43552 0.873671 0.619902 0.560823 0.654221 1.49082 1.40807
0.306408 1.25565 2.08039 1.8953 1.22358 0.801091 0.586791 1.34995 1.42497 0.57438
1.12277 1.26978 1.2756 0.698793 0.837372 0.334458 0.862965 0.723841 1.76582 0.96939
0.592751 2.26924 1.6571 0.988731 0.488953 1.77409 0.759384 0.748087 1.93173 1.28453
0.525144 0.580936 1.77145 1.01813 0.886337 0.921415 0.505903 0.798926 0.92019 0.891213
0.766784 0.927045 0.721071 0.709192 1.69761 1.30767 1.49839 0.670101 0.880081 0.402786
0.546584 0.627839 1.05273 1.38392 2.03381 1.89608 1.33419 2.01045 1.21142 0.684419
0.347297 1.0452 0.906324 2.07698 1.21584 1.44962 1.01783 0.341541 0.384847 1.28562
1.16126 0.886435 0.487093 0.436432 0.343493 1.48095 0.955719 0.676256 1.27645 0.958838
1.57695 0.722978 1.5454 1.37138 1.13267 0.229292 1.26834 0.681896 1.473 1.14799
1.22909 1.02834 1.49617 1.49745 1.57127 1.71065 1.81357 0.754314 1.55592 0.721049
0.673196 1.24874 1.19785 0.908329 1.32403 0.908067 0.853399 1.96581 1.31652 0.690221
0.848168 0.914845 0.742408 0.81279 0.621914 1.76053 1.19794 2.19926 1.64926 1.74967
0.842779 0.871261 0.371687 0.597179 0.993338 0.977946 0.860474 0.607264 1.12204 0.536653
0.510728 1.05876 1.19416 1.77188 1.37014 0.590567 1.26251 0.799865 0.395463 1.64937
1.75891 0.821753 0.880345 0.642714 1.03976 1.15798 0.437241 0.790464 1.2579 1.85351
1.23494 1.74231 0.234735 1.36537 1.59475 2.03712 1.16329 1.00162 1.16327 1.43541
0.414902 1.15116 0.443445 0.856609 0.847496 0.309684 0.472336 0.450946 0.366566 1.43555
0.675567 1.19211 0.956313 0.339888 1.32655 1.52279 0.80449 0.903537 0.514911 0.366995
0.729003 0.69627 0.687577 0.545524 0.49483 1.14096 0.493375 0.698098 0.698888 1.23188
0.713452 0.359913 0.429108 0.692092 1.00036 1.68153 0.591922 0.974019 1.06836 1.4194
0.506384 0.407465 0.646051 0.782236 0.583229 0.744878 0.259085 0.7696 0.310209 0.723487
0.48199 0.592175 0.295275 1.17635 0.996808 1.03732 1.12189 0.501325 0.159747 0.390211
0.505698 0.715718 0.959032 0.806739 0.688367 1.60122 0.584433 0.44941 0.860401 1.65033
0.387031 0.914465 0.63391 0.502683 0.572429 0.589334 1.19796 1.22249 0.815553 1.19605
0.539112 1.05208 
>noiseOffset:
>observedSynthesisNoise:
>std_NoiseOffset:
>mutation_prior_mean:
***
0 0 0 0 0 0 0 0 0 0
0 0 0 0 0 0 0 0 0 0
0 0 0 0 0 0 0 0 0 0
0 0 0 0 0 0 0 0 0 0
***
0 0 0 0 0 0 0 0 0 0
0 0 0 0 0 0 0 0 0 0
0 0 0 0 0 0 0 0 0 0
0 0 0 0 0 0 0 0 0 0
>mutation_prior_sd:
***
0.35 0.35 0.35 0.35 0.35 0.35 0.35 0.35 0.35 0.35
0.35 0.35 0.35 0.35 0.35 0.35 0.35 0.35 0.35 0.35
0.35 0.35 0.35 0.35 0.35 0.35 0.35 0.35 0.35 0.35
0.35 0.35 0.35 0.35 0.35 0.35 0.35 0.35 0.35 0.35
***
0.35 0.35 0.35 0.35 0.35 0.35 0.35 0.35 0.35 0.35
0.35 0.35 0.35 0.35 0.35 0.35 0.35 0.35 0.35 0.35
0.35 0.35 0.35 0.35 0.35 0.35 0.35 0.35 0.35 0.35
0.35 0.35 0.35 0.35 0.35 0.35 0.35 0.35 0.35 0.35
>std_csp:
0.0209715 0.0209715 0.0209715 0.13824 0.06144 0.049152 0.064 0.0262144 0.0262144 0.0262144
0.12 0.0314573 0.0314573 0.06144 0.0107374 0.0107374 0.0107374 0.0107374 0.0107374 0.110592
0.032768 0.032768 0.032768 0.1152 0.0314573 0.0314573 0.0314573 0.0314573 0.0314573 0.032768
0.032768 0.032768 0.032768 0.032768 0.032768 0.0209715 0.0209715 0.0209715 0.09216 0.159252
>currentMutationParameter:
***
0.111363 0.309948 0.168372 0.229313 0.71585 -0.695429 0.101628 -0.547179 0.993371 0.54928
-0.0990325 -0.432116 -0.283584 -0.539181 1.55414 -0.347669 -0.495945 -0.436474 1.09909 -0.269321
0.0803077 0.308027 0.318197 0.386087 -1.77003 -1.11252 -0.333019 0.467722 0.543323 0.507186
0.405586 0.568683 -0.50989 -0.352074 -0.268926 0.756882 0.866529 -0.0585454 -0.452731 0.127879
***
0.407747 0.492069 0.453461 0.390086 0.867921 -0.569975 0.290288 -0.389477 1.13313 0.542091
-0.0239765 -0.0320536 -0.08093 -0.503192 1.54233 -0.194428 -0.421498 -0.621372 1.15756 -0.145368
0.263176 0.427827 0.509133 0.221845 -1.8046 -1.24025 -0.4442 0.417545 0.426749 0.682124
0.558795 0.657821 -0.228195 -0.0856806 -0.093341 1.00609 1.07345 0.157132 -0.190184 0.573409
>currentSelectionParameter:
***
-0.176348 -0.369639 -0.344919 0.0971047 -0.465791 0.162001 -0.773676 0.00870364 -0.134515 0.212293
-0.690482 -0.363658 -0.573467 0.3409 0.0137861 -0.737514 -0.313969 -0.259458 0.506827 -0.68672
-0.0914192 -0.411577 -0.386873 0.948324 -0.519108 -0.56927 0.397576 -0.210904 -0.00308007 0.0820816
-0.438581 -0.149315 -0.105071 -0.259218 -0.314502 0.250643 -0.393007 -0.22499 -0.682782 -0.390818
>covarianceMatrix:
A
0.000287469	7.34272e-05	4.63128e-05	0.000206762	0.000132144	4.16095e-06	-0.000120279	-9.36793e-05	3.54725e-05	
7.34272e-05	0.000183266	7.06728e-05	4.36392e-05	0.000110543	-3.3044e-05	-3.9014e-05	-0.000124234	-7.8739e-06	
4.63128e-05	7.06728e-05	0.000279515	-3.49758e-05	9.17276e-05	6.6415e-05	-3.7403e-05	-5.19042e-05	-0.000146915	
0.000206762	4.36392e-05	-3.49758e-05	0.000317507	0.000161911	-1.76202e-05	-9.87099e-05	-9.85263e-05	6.42989e-05	
0.000132144	0.000110543	9.17276e-05	0.000161911	0.000390704	5.77072e-05	-8.19179e-05	-0.000170831	-7.13682e-06	
4.16095e-06	-3.3044e-05	6.6415e-05	-1.76202e-05	5.77072e-05	0.000194345	-1.78933e-05	1.52527e-05	-5.68588e-05	
-0.000120279	-3.9014e-05	-3.7403e-05	-9.87099e-05	-8.19179e-05	-1.78933e-05	9.63325e-05	7.0537e-05	2.78215e-06	
-9.36793e-05	-0.000124234	-5.19042e-05	-9.85263e-05	-0.000170831	1.52527e-05	7.0537e-05	0.000198287	2.16589e-05	
3.54725e-05	-7.8739e-06	-0.000146915	6.42989e-05	-7.13682e-06	-5.68588e-05	2.78215e-06	2.16589e-05	0.000164816	
***
>covarianceMatrix:
C
0.00260277	-0.000214581	-0.000347193	
-0.000214581	0.00314552	2.79984e-05	
-0.000347193	2.79984e-05	0.00248745	
***
>covarianceMatrix:
D
0.000706101	0.000274369	-0.000402744	
0.000274369	0.0013618	-0.000423215	
-0.000402744	-0.000423215	0.000898673	
***
>covarianceMatrix:
E
0.000227094	-3.83592e-05	-3.54456e-05	
-3.83592e-05	0.000781709	4.15493e-05	
-3.54456e-05	4.15493e-05	0.000202292	
***
>covarianceMatrix:
F
0.000855359	0.000120901	-0.000242714	
0.000120901	0.00145962	-0.00036468	
-0.000242714	-0.00036468	0.00100652	
***
>covarianceMatrix:
G
0.000222623	0.000110737	0.000154933	-4.3796e-06	0.000121389	3.57441e-06	-0.000156671	-0.000101797	-0.000121803	
0.000110737	0.000278947	0.000116578	1.59656e-05	0.00023589	2.92229e-05	-0.00012099	-0.000215087	-7.86655e-05	
0.000154933	0.000116578	0.00031528	-9.56755e-06	0.000111582	-4.40578e-05	-0.000153437	-0.00010379	-0.000123424	
-4.3796e-06	1.59656e-05	-9.56755e-06	0.00035754	0.000309273	0.000150249	-1.44694e-05	2.95316e-05	2.55983e-05	
0.000121389	0.00023589	0.000111582	0.000309273	0.000728705	0.000149985	-0.000162045	-0.000241546	-1.86247e-05	
3.57441e-06	2.92229e-05	-4.40578e-05	0.000150249	0.000149985	0.000597744	-2.96303e-07	-6.23551e-05	-7.39811e-05	
-0.000156671	-0.00012099	-0.000153437	-1.44694e-05	-0.000162045	-2.96303e-07	0.000193689	0.000125064	9.8574e-05	
-0.000101797	-0.000215087	-0.00010379	2.95316e-05	-0.000241546	-6.23551e-05	0.000125064	0.000314722	4.50482e-05	
-0.000121803	-7.86655e-05	-0.000123424	2.55983e-05	-1.86247e-05	-7.39811e-05	9.8574e-05	4.50482e-05	0.000217926	
***
>covarianceMatrix:
H
0.003	0	0	
0	0.003	0	
0	0	0.003	
***
>covarianceMatrix:
I
0.000300864	0.000144057	3.63392e-05	-2.77165e-05	-6.73127e-05	-1.03166e-05	
0.000144057	0.000298704	8.70469e-05	0.000102329	-2.30452e-05	-0.000135852	
3.63392e-05	8.70469e-05	0.000293827	0.000149512	-2.61304e-05	-4.69583e-05	
-2.77165e-05	0.000102329	0.000149512	0.000332975	-8.65172e-06	-0.000123988	
-6.73127e-05	-2.30452e-05	-2.61304e-05	-8.65172e-06	0.000124495	3.79741e-05	
-1.03166e-05	-0.000135852	-4.69583e-05	-0.000123988	3.79741e-05	0.000193304	
***
>covarianceMatrix:
K
0.00050924	5.75047e-05	-0.00012863	
5.75047e-05	0.000749992	-6.44353e-05	
-0.00012863	-6.44353e-05	0.00048578	
***
>covarianceMatrix:
L
0.000504191	0.000140849	8.07877e-05	0.000119172	-0.000171508	-2.941e-05	-1.70668e-05	-1.97646e-05	2.49914e-05	-9.07234e-05	-0.000144927	2.12132e-05	3.49016e-05	1.02437e-05	2.51472e-05	
0.000140849	0.000207881	7.18509e-05	0.00010581	-7.65395e-05	3.56878e-06	2.4492e-05	-1.82298e-05	2.18312e-05	-1.15711e-06	-1.7983e-05	-4.41669e-05	2.53496e-05	-1.08115e-05	1.27806e-05	
8.07877e-05	7.18509e-05	0.000131435	6.72295e-05	3.74165e-05	3.57339e-05	-4.0522e-05	-1.47917e-05	3.45351e-05	2.40392e-05	2.72565e-05	3.17976e-06	-3.53869e-05	-1.85071e-05	1.25181e-07	
0.000119172	0.00010581	6.72295e-05	0.000165373	-2.13809e-05	5.46129e-05	-3.74451e-05	-4.90896e-05	-7.27537e-06	9.5515e-06	1.35975e-05	1.46331e-06	1.40276e-07	-4.07415e-05	3.49449e-06	
-0.000171508	-7.65395e-05	3.74165e-05	-2.13809e-05	0.000330984	0.000111428	-2.28466e-05	5.29326e-05	-1.5771e-05	0.000105181	0.000189836	4.00573e-05	-5.25861e-05	1.75279e-05	-3.03212e-05	
-2.941e-05	3.56878e-06	3.57339e-05	5.46129e-05	0.000111428	0.000326396	-5.38741e-05	-4.64667e-06	-0.000120346	9.21185e-05	4.95138e-05	-9.97636e-06	-2.82781e-05	4.85452e-06	-2.90964e-05	
-1.70668e-05	2.4492e-05	-4.0522e-05	-3.74451e-05	-2.28466e-05	-5.38741e-05	0.000118269	3.21409e-05	1.43491e-05	-2.30723e-05	-6.57404e-06	-2.19774e-06	2.29052e-05	3.28575e-05	3.90835e-05	
